20141	0	NCT00000408	0
20141	0	NCT00000492	1
20141	0	NCT00000501	0
20141	0	NCT00001853	0
20141	0	NCT00004727	0
20141	0	NCT00005127	2
20141	0	NCT00005485	2
20141	0	NCT00005757	2
20141	0	NCT00077948	0
20141	0	NCT00108381	0
20141	0	NCT00124969	0
20141	0	NCT00129233	1
20141	0	NCT00134160	0
20141	0	NCT00141583	1
20141	0	NCT00143195	2
20141	0	NCT00149227	1
20141	0	NCT00162344	1
20141	0	NCT00166231	0
20141	0	NCT00175279	2
20141	0	NCT00185120	0
20141	0	NCT00190489	0
20141	0	NCT00202566	0
20141	0	NCT00225355	1
20141	0	NCT00252421	0
20141	0	NCT00285649	0
20141	0	NCT00337116	0
20141	0	NCT00348803	0
20141	0	NCT00356707	0
20141	0	NCT00373828	2
20141	0	NCT00375089	0
20141	0	NCT00413712	0
20141	0	NCT00418392	0
20141	0	NCT00424021	0
20141	0	NCT00454662	0
20141	0	NCT00462241	0
20141	0	NCT00479908	1
20141	0	NCT00486954	0
20141	0	NCT00536224	0
20141	0	NCT00598728	0
20141	0	NCT00623454	0
20141	0	NCT00624273	0
20141	0	NCT00644319	0
20141	0	NCT00683813	2
20141	0	NCT00705952	0
20141	0	NCT00736333	0
20141	0	NCT00745043	0
20141	0	NCT00752674	0
20141	0	NCT00780260	0
20141	0	NCT00797953	1
20141	0	NCT00802230	1
20141	0	NCT00808652	1
20141	0	NCT00809029	2
20141	0	NCT00832442	2
20141	0	NCT00840593	0
20141	0	NCT00848250	0
20141	0	NCT00883987	0
20141	0	NCT00896285	0
20141	0	NCT00925119	0
20141	0	NCT00932867	0
20141	0	NCT00937365	0
20141	0	NCT00951808	0
20141	0	NCT00952744	2
20141	0	NCT00974116	0
20141	0	NCT00979199	1
20141	0	NCT00986180	0
20141	0	NCT00992927	0
20141	0	NCT01028534	0
20141	0	NCT01056367	0
20141	0	NCT01080274	0
20141	0	NCT01087723	0
20141	0	NCT01134328	0
20141	0	NCT01162902	1
20141	0	NCT01167205	0
20141	0	NCT01171911	0
20141	0	NCT01175889	0
20141	0	NCT01203696	1
20141	0	NCT01211171	0
20141	0	NCT01216020	0
20141	0	NCT01228123	0
20141	0	NCT01231165	1
20141	0	NCT01250262	0
20141	0	NCT01253486	2
20141	0	NCT01276548	0
20141	0	NCT01284179	0
20141	0	NCT01290770	0
20141	0	NCT01293019	0
20141	0	NCT01332188	0
20141	0	NCT01334203	0
20141	0	NCT01365286	0
20141	0	NCT01397994	1
20141	0	NCT01407146	1
20141	0	NCT01429194	1
20141	0	NCT01444833	0
20141	0	NCT01450020	0
20141	0	NCT01484912	0
20141	0	NCT01494870	0
20141	0	NCT01506999	0
20141	0	NCT01559948	0
20141	0	NCT01561001	0
20141	0	NCT01576978	0
20141	0	NCT01657136	0
20141	0	NCT01658033	0
20141	0	NCT01660594	1
20141	0	NCT01675362	0
20141	0	NCT01682057	1
20141	0	NCT01719952	0
20141	0	NCT01724567	2
20141	0	NCT01724996	0
20141	0	NCT01736306	0
20141	0	NCT01770080	0
20141	0	NCT01829659	1
20141	0	NCT01838616	0
20141	0	NCT01847014	0
20141	0	NCT01879293	0
20141	0	NCT01904695	0
20141	0	NCT02001545	1
20141	0	NCT02011646	0
20141	0	NCT02015858	0
20141	0	NCT02062424	1
20141	0	NCT02072694	0
20141	0	NCT02078921	0
20141	0	NCT02105220	0
20141	0	NCT02144636	1
20141	0	NCT02148289	0
20141	0	NCT02158962	0
20141	0	NCT02159625	0
20141	0	NCT02190123	0
20141	0	NCT02226510	0
20141	0	NCT02232607	0
20141	0	NCT02271568	1
20141	0	NCT02272920	1
20141	0	NCT02319161	0
20141	0	NCT02347111	0
20141	0	NCT02357212	1
20141	0	NCT02381340	2
20141	0	NCT02390323	0
20141	0	NCT02408263	0
20141	0	NCT02472938	0
20141	0	NCT02507050	0
20141	0	NCT02516839	0
20141	0	NCT02532699	2
20141	0	NCT02608255	1
20141	0	NCT02626741	0
201410	0	NCT00043277	0
201410	0	NCT00102037	0
201410	0	NCT00154674	0
201410	0	NCT00171054	0
201410	0	NCT00314002	0
201410	0	NCT00324233	0
201410	0	NCT00392639	0
201410	0	NCT00471289	0
201410	0	NCT00497094	0
201410	0	NCT00533156	1
201410	0	NCT00633503	0
201410	0	NCT00667381	1
201410	0	NCT00674778	1
201410	0	NCT00736086	1
201410	0	NCT00742014	0
201410	0	NCT00827957	0
201410	0	NCT00838175	0
201410	0	NCT00843297	0
201410	0	NCT00846846	0
201410	0	NCT00970476	0
201410	0	NCT01001663	0
201410	0	NCT01108120	0
201410	0	NCT01121510	1
201410	0	NCT01133119	1
201410	0	NCT01297387	0
201410	0	NCT01397175	0
201410	0	NCT01443104	0
201410	0	NCT01479153	0
201410	0	NCT01556373	0
201410	0	NCT01599195	2
201410	0	NCT01600482	1
201410	0	NCT01631448	0
201410	0	NCT01683448	0
201410	0	NCT01691911	2
201410	0	NCT01745692	0
201410	0	NCT01776151	0
201410	0	NCT01855698	0
201410	0	NCT01868698	0
201410	0	NCT01870310	0
201410	0	NCT01943344	1
201410	0	NCT02033720	0
201410	0	NCT02069275	0
201410	0	NCT02074371	0
201410	0	NCT02097186	2
201410	0	NCT02163031	0
201410	0	NCT02200783	1
201410	0	NCT02216305	0
201410	0	NCT02237430	0
201410	0	NCT02241642	1
201410	0	NCT02264964	1
201410	0	NCT02341196	0
201410	0	NCT02389023	1
201410	0	NCT02419053	0
201410	0	NCT02426710	0
201410	0	NCT02453321	0
201410	0	NCT02519933	0
201410	0	NCT02525926	0
201410	0	NCT02583906	0
201410	0	NCT02626156	0
201410	0	NCT02634138	2
201411	0	NCT00243152	0
201411	0	NCT00322621	0
201411	0	NCT00382421	1
201411	0	NCT00413855	0
201411	0	NCT00760903	0
201411	0	NCT00769275	0
201411	0	NCT00929773	0
201411	0	NCT00944333	1
201411	0	NCT01184846	0
201411	0	NCT01188993	0
201411	0	NCT01200628	0
201411	0	NCT01219023	0
201411	0	NCT01296789	1
201411	0	NCT01464671	1
201411	0	NCT01526382	1
201411	0	NCT01533519	0
201411	0	NCT01539161	0
201411	0	NCT01558206	2
201411	0	NCT01665521	0
201411	0	NCT01672697	0
201411	0	NCT01723137	2
201411	0	NCT01792336	0
201411	0	NCT01827007	0
201411	0	NCT01839786	0
201411	0	NCT01890044	0
201411	0	NCT01973907	0
201411	0	NCT01997047	0
201411	0	NCT02011477	0
201411	0	NCT02072538	0
201411	0	NCT02099071	0
201411	0	NCT02104050	0
201411	0	NCT02168998	0
201411	0	NCT02177188	0
201411	0	NCT02214030	1
201411	0	NCT02258243	0
201411	0	NCT02302534	0
201411	0	NCT02336542	0
201411	0	NCT02353793	0
201411	0	NCT02481076	0
201411	0	NCT02502513	0
201411	0	NCT02517944	0
201411	0	NCT02623556	0
201412	0	NCT00011102	0
201412	0	NCT00111735	0
201412	0	NCT00124384	0
201412	0	NCT00194259	0
201412	0	NCT00261898	0
201412	0	NCT00264901	0
201412	0	NCT00271427	2
201412	0	NCT00360074	1
201412	0	NCT00497575	2
201412	0	NCT00565890	0
201412	0	NCT00593736	0
201412	0	NCT00606840	2
201412	0	NCT00646451	0
201412	0	NCT00686426	2
201412	0	NCT00715572	2
201412	0	NCT00759993	0
201412	0	NCT00812162	0
201412	0	NCT00819624	0
201412	0	NCT00915642	0
201412	0	NCT00948610	0
201412	0	NCT01041261	0
201412	0	NCT01131429	0
201412	0	NCT01197183	2
201412	0	NCT01221935	0
201412	0	NCT01260532	0
201412	0	NCT01280292	0
201412	0	NCT01307618	0
201412	0	NCT01319370	0
201412	0	NCT01551498	1
201412	0	NCT01574859	0
201412	0	NCT01576705	0
201412	0	NCT01739972	0
201412	0	NCT01835236	0
201412	0	NCT01840332	1
201412	0	NCT01848171	0
201412	0	NCT01874704	0
201412	0	NCT01986140	0
201412	0	NCT02015936	0
201412	0	NCT02027077	0
201412	0	NCT02086799	0
201412	0	NCT02094079	0
201412	0	NCT02126683	0
201412	0	NCT02190214	0
201412	0	NCT02201069	0
201412	0	NCT02290405	0
201412	0	NCT02316418	0
201412	0	NCT02379728	0
201412	0	NCT02399423	0
201412	0	NCT02491567	1
201412	0	NCT02548715	0
201412	0	NCT02575001	0
201412	0	NCT02597582	0
201412	0	NCT02627937	0
201413	0	NCT00067691	0
201413	0	NCT00163709	2
201413	0	NCT00302601	1
201413	0	NCT00314548	0
201413	0	NCT00318071	0
201413	0	NCT00341848	0
201413	0	NCT00356551	0
201413	0	NCT00522977	0
201413	0	NCT00573053	0
201413	0	NCT00692198	0
201413	0	NCT00712998	0
201413	0	NCT00782912	1
201413	0	NCT00839124	0
201413	0	NCT00848731	1
201413	0	NCT00974337	0
201413	0	NCT01004939	0
201413	0	NCT01095406	1
201413	0	NCT01097928	1
201413	0	NCT01098851	0
201413	0	NCT01232387	0
201413	0	NCT01262742	0
201413	0	NCT01274637	0
201413	0	NCT01321788	0
201413	0	NCT01428817	0
201413	0	NCT01463202	0
201413	0	NCT01468194	0
201413	0	NCT01498094	0
201413	0	NCT01535248	0
201413	0	NCT01566058	1
201413	0	NCT01620723	0
201413	0	NCT01621685	0
201413	0	NCT01630655	0
201413	0	NCT01684592	0
201413	0	NCT01689961	0
201413	0	NCT01692821	1
201413	0	NCT01787773	1
201413	0	NCT01828697	0
201413	0	NCT01858129	1
201413	0	NCT01870830	0
201413	0	NCT01935141	2
201413	0	NCT01959009	0
201413	0	NCT01991886	0
201413	0	NCT02010840	0
201413	0	NCT02043223	0
201413	0	NCT02094547	0
201413	0	NCT02150616	0
201413	0	NCT02210702	0
201413	0	NCT02221895	1
201413	0	NCT02231398	0
201413	0	NCT02258958	0
201413	0	NCT02264769	1
201413	0	NCT02307201	0
201413	0	NCT02309489	0
201413	0	NCT02372461	0
201413	0	NCT02399774	0
201413	0	NCT02447731	0
201413	0	NCT02449928	0
201413	0	NCT02458625	1
201413	0	NCT02523586	1
201413	0	NCT02526433	2
201413	0	NCT02600260	0
201413	0	NCT02615834	0
201413	0	NCT02616991	1
201414	0	NCT00006196	0
201414	0	NCT00094952	0
201414	0	NCT00182884	0
201414	0	NCT00189046	0
201414	0	NCT00302692	1
201414	0	NCT00419874	2
201414	0	NCT00424736	0
201414	0	NCT00450047	0
201414	0	NCT00482001	0
201414	0	NCT00493714	0
201414	0	NCT00512655	0
201414	0	NCT00613886	0
201414	0	NCT00760734	0
201414	0	NCT00906711	0
201414	0	NCT00928915	0
201414	0	NCT00928941	0
201414	0	NCT01075035	2
201414	0	NCT01162343	0
201414	0	NCT01182961	0
201414	0	NCT01196299	2
201414	0	NCT01199276	0
201414	0	NCT01263067	0
201414	0	NCT01316965	0
201414	0	NCT01331512	0
201414	0	NCT01392820	0
201414	0	NCT01397643	0
201414	0	NCT01470040	0
201414	0	NCT01564303	0
201414	0	NCT01574950	0
201414	0	NCT01619293	2
201414	0	NCT01624545	2
201414	0	NCT01633593	0
201414	0	NCT01674140	0
201414	0	NCT01774240	0
201414	0	NCT01804426	0
201414	0	NCT01836848	0
201414	0	NCT01862952	0
201414	0	NCT01869855	1
201414	0	NCT01922115	0
201414	0	NCT01947959	0
201414	0	NCT01991405	0
201414	0	NCT02028260	0
201414	0	NCT02035436	0
201414	0	NCT02039999	0
201414	0	NCT02051270	0
201414	0	NCT02086981	2
201414	0	NCT02120664	0
201414	0	NCT02131181	0
201414	0	NCT02172625	0
201414	0	NCT02199093	0
201414	0	NCT02213380	0
201414	0	NCT02227225	0
201414	0	NCT02237703	0
201414	0	NCT02266563	0
201414	0	NCT02267538	0
201414	0	NCT02323984	0
201414	0	NCT02355483	0
201414	0	NCT02366299	0
201414	0	NCT02394418	0
201414	0	NCT02404181	0
201414	0	NCT02465307	1
201414	0	NCT02477007	0
201414	0	NCT02505061	0
201414	0	NCT02513316	0
201414	0	NCT02518646	1
201414	0	NCT02527499	0
201414	0	NCT02531542	1
201414	0	NCT02558777	0
201414	0	NCT02564939	0
201414	0	NCT02577731	0
201414	0	NCT02591043	0
201414	0	NCT02603731	0
201414	0	NCT02631304	0
201415	0	NCT00003702	1
201415	0	NCT00044876	0
201415	0	NCT00150644	1
201415	0	NCT00156208	0
201415	0	NCT00166790	2
201415	0	NCT00180739	1
201415	0	NCT00190918	2
201415	0	NCT00237965	0
201415	0	NCT00248144	0
201415	0	NCT00277680	2
201415	0	NCT00288938	0
201415	0	NCT00340288	1
201415	0	NCT00361036	0
201416	0	NCT00001252	2
201416	0	NCT00001552	1
201416	0	NCT00001986	1
201416	0	NCT00061139	0
201416	0	NCT00080366	0
201416	0	NCT00102596	0
201416	0	NCT00393926	0
201416	0	NCT00432666	0
201416	0	NCT00462449	0
201416	0	NCT00565201	0
201416	0	NCT00597701	0
201416	0	NCT00656097	0
201416	0	NCT00703521	0
201416	0	NCT00740090	0
201416	0	NCT00906971	0
201416	0	NCT00948272	0
201416	0	NCT00955838	0
201416	0	NCT01025726	1
201416	0	NCT01044199	0
201416	0	NCT01047839	0
201416	0	NCT01060748	0
201416	0	NCT01075269	0
201416	0	NCT01081275	0
201416	0	NCT01228383	0
201416	0	NCT01281475	0
201416	0	NCT01286493	1
201416	0	NCT01373879	0
201416	0	NCT01387074	0
201416	0	NCT01388400	0
201416	0	NCT01466387	0
201416	0	NCT01603875	0
201416	0	NCT01635647	0
201416	0	NCT01683838	0
201416	0	NCT01767480	0
201416	0	NCT01827917	0
201416	0	NCT01930357	0
201416	0	NCT01932463	0
201416	0	NCT01936298	0
201416	0	NCT01949909	0
201416	0	NCT02043145	0
201416	0	NCT02074150	0
201416	0	NCT02122159	0
201416	0	NCT02177032	0
201416	0	NCT02199015	0
201416	0	NCT02238756	1
201416	0	NCT02241135	0
201416	0	NCT02339896	0
201416	0	NCT02359253	0
201416	0	NCT02359812	0
201416	0	NCT02374814	1
201416	0	NCT02418858	0
201416	0	NCT02420106	0
201416	0	NCT02427854	0
201416	0	NCT02491541	0
201416	0	NCT02547727	0
201416	0	NCT02552290	0
201416	0	NCT02564471	0
201416	0	NCT02596659	0
201417	0	NCT00006319	2
201417	0	NCT00138346	1
201417	0	NCT00263237	1
201417	0	NCT00266513	1
201417	0	NCT00280514	1
201417	0	NCT00304135	0
201417	0	NCT00435032	0
201417	0	NCT00520494	0
201417	0	NCT00526188	0
201417	0	NCT00630513	1
201417	0	NCT00641992	0
201417	0	NCT00673374	0
201417	0	NCT00677989	0
201417	0	NCT00722709	0
201417	0	NCT00886210	0
201417	0	NCT00935779	0
201417	0	NCT01009450	1
201417	0	NCT01030211	0
201417	0	NCT01068288	0
201417	0	NCT01147640	1
201417	0	NCT01206868	0
201417	0	NCT01226394	0
201417	0	NCT01235546	0
201417	0	NCT01310361	0
201417	0	NCT01315795	0
201417	0	NCT01329458	0
201417	0	NCT01410526	0
201417	0	NCT01412593	0
201417	0	NCT01421901	0
201417	0	NCT01487486	0
201417	0	NCT01512277	0
201417	0	NCT01627119	0
201417	0	NCT01745731	1
201417	0	NCT01849354	0
201417	0	NCT01851460	0
201417	0	NCT02027402	0
201417	0	NCT02032914	1
201417	0	NCT02048319	0
201417	0	NCT02085564	0
201417	0	NCT02140034	0
201417	0	NCT02261584	0
201417	0	NCT02297659	2
201417	0	NCT02303366	0
201417	0	NCT02328352	0
201417	0	NCT02380560	0
201417	0	NCT02415010	0
201417	0	NCT02417740	1
201417	0	NCT02463877	0
201417	0	NCT02556359	1
201417	0	NCT02585141	0
201418	0	NCT00001676	0
201418	0	NCT00004496	0
201418	0	NCT00004696	1
201418	0	NCT00006137	0
201418	0	NCT00027417	0
201418	0	NCT00226369	0
201418	0	NCT00231322	0
201418	0	NCT00232401	0
201418	0	NCT00298454	1
201418	0	NCT00313807	0
201418	0	NCT00362869	0
201418	0	NCT00539292	0
201418	0	NCT00549107	1
201418	0	NCT00555321	0
201418	0	NCT00556491	0
201418	0	NCT00557219	2
201418	0	NCT00572715	1
201418	0	NCT00577525	1
201418	0	NCT00624637	0
201418	0	NCT00738283	0
201418	0	NCT00747864	1
201418	0	NCT00770705	0
201418	0	NCT00774137	1
201418	0	NCT00776646	0
201418	0	NCT00778349	0
201418	0	NCT00821522	1
201418	0	NCT00908037	0
201418	0	NCT00934843	0
201418	0	NCT00952263	0
201418	0	NCT00974337	1
201418	0	NCT01062828	0
201418	0	NCT01084980	0
201418	0	NCT01142115	0
201418	0	NCT01143246	0
201418	0	NCT01156428	0
201418	0	NCT01219998	1
201418	0	NCT01233869	0
201418	0	NCT01243996	0
201418	0	NCT01260259	0
201418	0	NCT01260883	2
201418	0	NCT01309477	0
201418	0	NCT01569698	1
201418	0	NCT01641289	0
201418	0	NCT01700231	0
201418	0	NCT01795638	0
201418	0	NCT01869933	0
201418	0	NCT01870011	0
201418	0	NCT01918618	0
201418	0	NCT01973088	0
201418	0	NCT02016053	0
201418	0	NCT02046135	0
201418	0	NCT02081235	0
201418	0	NCT02081261	0
201418	0	NCT02081274	0
201418	0	NCT02147470	0
201418	0	NCT02195713	0
201418	0	NCT02213757	0
201418	0	NCT02233010	0
201418	0	NCT02276170	0
201418	0	NCT02282930	1
201418	0	NCT02306642	0
201418	0	NCT02311530	0
201418	0	NCT02312115	0
201418	0	NCT02313636	0
201418	0	NCT02338895	0
201418	0	NCT02361736	0
201418	0	NCT02415049	0
201418	0	NCT02443389	0
201418	0	NCT02489669	0
201418	0	NCT02495220	0
201418	0	NCT02495909	0
201418	0	NCT02531412	0
201418	0	NCT02560584	0
201418	0	NCT02599155	1
201419	0	NCT00002711	1
201419	0	NCT00002897	1
201419	0	NCT00002930	1
201419	0	NCT00021320	1
201419	0	NCT00040287	0
201419	0	NCT00193882	1
201419	0	NCT00256529	2
201419	0	NCT00306501	0
201419	0	NCT00308399	0
201419	0	NCT00336609	1
201419	0	NCT00352391	0
201419	0	NCT00375180	1
201419	0	NCT00402987	0
201419	0	NCT00408590	0
201419	0	NCT00412490	0
201419	0	NCT00465907	1
201419	0	NCT00506324	1
201419	0	NCT00525044	0
201419	0	NCT00591175	0
201419	0	NCT00608205	1
201419	0	NCT00628368	1
201419	0	NCT00647829	0
201419	0	NCT00662662	1
201419	0	NCT00727376	1
201419	0	NCT00773227	0
201419	0	NCT00816634	1
201419	0	NCT00826813	1
201419	0	NCT00827671	1
201419	0	NCT00861094	1
201419	0	NCT00873535	0
201419	0	NCT00880906	0
201419	0	NCT00897364	0
201419	0	NCT00898495	1
201419	0	NCT00905385	0
201419	0	NCT00908817	0
201419	0	NCT00918307	0
201419	0	NCT00934453	0
201419	0	NCT01023828	0
201419	0	NCT01052038	0
201419	0	NCT01054274	1
201419	0	NCT01125384	0
201419	0	NCT01131429	0
201419	0	NCT01137123	1
201419	0	NCT01199185	0
201419	0	NCT01243398	1
201419	0	NCT01252225	0
201419	0	NCT01279824	0
201419	0	NCT01291823	0
201419	0	NCT01335269	0
201419	0	NCT01359397	1
201419	0	NCT01366833	1
201419	0	NCT01396707	1
201419	0	NCT01450748	0
201419	0	NCT01453400	0
201419	0	NCT01471249	1
201419	0	NCT01514552	0
201419	0	NCT01578018	0
201419	0	NCT01586962	0
201419	0	NCT01651975	2
201419	0	NCT01688700	1
201419	0	NCT01704690	1
201419	0	NCT01723358	0
201419	0	NCT01724411	0
201419	0	NCT01731847	0
201419	0	NCT01742312	1
201419	0	NCT01745107	1
201419	0	NCT01809756	1
201419	0	NCT01862809	0
201419	0	NCT01863264	0
201419	0	NCT01867983	0
201419	0	NCT01900392	0
201419	0	NCT01923831	0
201419	0	NCT01954407	0
201419	0	NCT01986361	0
201419	0	NCT01988350	0
201419	0	NCT02011035	0
201419	0	NCT02017288	0
201419	0	NCT02045342	0
201419	0	NCT02130011	1
201419	0	NCT02144545	0
201419	0	NCT02206971	2
201419	0	NCT02296528	0
201419	0	NCT02304250	0
201419	0	NCT02322411	0
201419	0	NCT02333201	0
201419	0	NCT02375581	0
201419	0	NCT02405832	0
201419	0	NCT02445209	1
201419	0	NCT02483663	0
201419	0	NCT02492646	0
201419	0	NCT02494960	0
201419	0	NCT02509286	1
201419	0	NCT02591784	1
20142	0	NCT00000932	0
20142	0	NCT00086879	0
20142	0	NCT00094887	0
20142	0	NCT00095316	0
20142	0	NCT00096772	0
20142	0	NCT00132951	0
20142	0	NCT00161772	0
20142	0	NCT00161798	0
20142	0	NCT00161824	0
20142	0	NCT00161863	0
20142	0	NCT00161967	0
20142	0	NCT00163540	0
20142	0	NCT00163618	0
20142	0	NCT00237016	1
20142	0	NCT00311441	0
20142	0	NCT00385632	0
20142	0	NCT00386035	0
20142	0	NCT00432003	0
20142	0	NCT00455468	0
20142	0	NCT00460486	0
20142	0	NCT00498654	0
20142	0	NCT00503529	0
20142	0	NCT00507871	0
20142	0	NCT00513500	0
20142	0	NCT00617344	0
20142	0	NCT00680836	0
20142	0	NCT00694655	0
20142	0	NCT00711399	2
20142	0	NCT00740155	0
20142	0	NCT00840801	0
20142	0	NCT00851487	0
20142	0	NCT00894686	0
20142	0	NCT01017081	2
20142	0	NCT01070732	0
20142	0	NCT01075204	0
20142	0	NCT01087892	0
20142	0	NCT01099943	1
20142	0	NCT01147445	0
20142	0	NCT01177657	0
20142	0	NCT01201252	0
20142	0	NCT01202201	0
20142	0	NCT01241201	0
20142	0	NCT01253967	0
20142	0	NCT01253980	1
20142	0	NCT01269554	1
20142	0	NCT01359020	0
20142	0	NCT01521403	0
20142	0	NCT01589926	0
20142	0	NCT01627327	0
20142	0	NCT01663155	0
20142	0	NCT01670149	0
20142	0	NCT01707485	2
20142	0	NCT01739673	0
20142	0	NCT02052934	0
20142	0	NCT02139163	0
20142	0	NCT02269761	2
20142	0	NCT02380352	2
20142	0	NCT02383680	0
20142	0	NCT02391909	0
20142	0	NCT02441699	0
20142	0	NCT02618655	1
20142	0	NCT02625129	0
201420	0	NCT00021476	0
201420	0	NCT00163670	2
201420	0	NCT00164294	0
201420	0	NCT00189046	0
201420	0	NCT00245830	0
201420	0	NCT00326703	1
201420	0	NCT00340470	0
201420	0	NCT00340561	0
201420	0	NCT00344929	0
201420	0	NCT00369057	0
201420	0	NCT00415493	0
201420	0	NCT00492726	0
201420	0	NCT00572026	0
201420	0	NCT00581893	0
201420	0	NCT00673374	0
201420	0	NCT00720681	0
201420	0	NCT00749086	0
201420	0	NCT00749229	0
201420	0	NCT00862498	0
201420	0	NCT00888498	0
201420	0	NCT00926991	0
201420	0	NCT00952510	0
201420	0	NCT01007877	2
201420	0	NCT01010464	1
201420	0	NCT01161849	1
201420	0	NCT01186679	0
201420	0	NCT01200628	2
201420	0	NCT01236833	0
201420	0	NCT01244386	2
201420	0	NCT01257165	0
201420	0	NCT01315379	0
201420	0	NCT01402856	0
201420	0	NCT01514643	0
201420	0	NCT01519583	0
201420	0	NCT01540318	2
201420	0	NCT01563887	0
201420	0	NCT01594385	1
201420	0	NCT01609894	0
201420	0	NCT01617499	0
201420	0	NCT01630343	0
201420	0	NCT01693185	0
201420	0	NCT01717599	0
201420	0	NCT01737385	0
201420	0	NCT01770912	0
201420	0	NCT01828749	2
201420	0	NCT01853735	1
201420	0	NCT01864590	1
201420	0	NCT01891110	0
201420	0	NCT01974167	0
201420	0	NCT02019927	0
201420	0	NCT02050529	0
201420	0	NCT02071290	0
201420	0	NCT02090309	0
201420	0	NCT02100098	0
201420	0	NCT02132819	0
201420	0	NCT02159625	0
201420	0	NCT02185404	0
201420	0	NCT02198885	1
201420	0	NCT02203968	1
201420	0	NCT02255487	1
201420	0	NCT02271451	0
201420	0	NCT02280291	0
201420	0	NCT02329340	0
201420	0	NCT02345941	0
201420	0	NCT02360410	0
201420	0	NCT02396446	0
201420	0	NCT02416713	0
201420	0	NCT02418169	0
201420	0	NCT02455037	0
201420	0	NCT02467959	0
201420	0	NCT02477007	0
201420	0	NCT02504749	0
201420	0	NCT02527499	0
201420	0	NCT02574364	0
201420	0	NCT02584621	0
201421	0	NCT00001789	1
201421	0	NCT00005436	1
201421	0	NCT00006055	2
201421	0	NCT00008749	2
201421	0	NCT00036491	1
201421	0	NCT00065806	2
201421	0	NCT00071175	2
201421	0	NCT00071487	1
201421	0	NCT00074373	0
201421	0	NCT00119678	1
201421	0	NCT00125307	2
201421	0	NCT00172666	2
201421	0	NCT00181298	1
201421	0	NCT00215800	1
201421	0	NCT00222183	1
201421	0	NCT00230035	1
201421	0	NCT00275899	2
201421	0	NCT00282347	1
201421	0	NCT00297284	1
201421	0	NCT00342329	1
201421	0	NCT00343187	0
201421	0	NCT00364728	2
201421	0	NCT00371501	2
201421	0	NCT00392093	0
201421	0	NCT00413361	1
201421	0	NCT00430677	1
201421	0	NCT00470522	1
201421	0	NCT00504244	1
201421	0	NCT00512694	1
201421	0	NCT00539799	1
201421	0	NCT00581763	2
201421	0	NCT00582465	2
201421	0	NCT00611663	1
201421	0	NCT00637819	2
201421	0	NCT00731302	1
201421	0	NCT00760669	0
201421	0	NCT00779194	1
201421	0	NCT00866229	1
201421	0	NCT00908037	0
201421	0	NCT00965809	0
201421	0	NCT00982670	2
201421	0	NCT00997100	1
201421	0	NCT01018238	1
201421	0	NCT01031797	1
201421	0	NCT01076101	1
201421	0	NCT01101802	1
201421	0	NCT01176643	2
201421	0	NCT01187927	2
201421	0	NCT01230827	0
201421	0	NCT01266915	2
201421	0	NCT01276782	0
201421	0	NCT01330368	2
201421	0	NCT01381536	1
201421	0	NCT01413100	1
201421	0	NCT01413230	2
201421	0	NCT01421316	0
201421	0	NCT01440231	1
201421	0	NCT01512277	0
201421	0	NCT01520155	2
201421	0	NCT01549184	2
201421	0	NCT01551069	0
201421	0	NCT01597622	0
201421	0	NCT01632241	1
201421	0	NCT01649765	0
201421	0	NCT01689025	2
201421	0	NCT01689350	2
201421	0	NCT01705977	1
201421	0	NCT01729455	1
201421	0	NCT01784523	1
201421	0	NCT01923415	2
201421	0	NCT01924000	0
201421	0	NCT01931150	0
201421	0	NCT01946880	1
201421	0	NCT01950780	1
201421	0	NCT01992666	1
201421	0	NCT02006784	0
201421	0	NCT02034344	2
201421	0	NCT02074020	0
201421	0	NCT02080195	1
201421	0	NCT02119156	1
201421	0	NCT02176148	0
201421	0	NCT02239731	0
201421	0	NCT02260934	0
201421	0	NCT02284984	1
201421	0	NCT02444728	0
201421	0	NCT02455089	0
201421	0	NCT02477254	1
201421	0	NCT02530944	2
201421	0	NCT02554019	1
201421	0	NCT02558517	0
201421	0	NCT02591355	0
201421	0	NCT02633163	1
201422	0	NCT00172822	1
201422	0	NCT00236912	2
201422	0	NCT00674726	2
201422	0	NCT00677989	0
201422	0	NCT00723788	2
201422	0	NCT00908804	2
201422	0	NCT00913445	0
201422	0	NCT01022567	0
201422	0	NCT01024439	0
201422	0	NCT01027455	0
201422	0	NCT01068288	0
201422	0	NCT01096927	2
201422	0	NCT01115153	1
201422	0	NCT01192620	2
201422	0	NCT01610193	0
201422	0	NCT01678365	0
201422	0	NCT01698099	1
201422	0	NCT01718171	2
201422	0	NCT01825863	0
201422	0	NCT01925014	1
201422	0	NCT01953289	2
201422	0	NCT01979029	0
201422	0	NCT02004470	0
201422	0	NCT02017951	1
201422	0	NCT02018016	1
201422	0	NCT02029781	0
201422	0	NCT02047786	0
201422	0	NCT02134652	0
201422	0	NCT02137603	1
201422	0	NCT02194140	0
201422	0	NCT02271932	1
201422	0	NCT02375529	0
201422	0	NCT02439593	0
201422	0	NCT02447224	2
201422	0	NCT02469935	0
201422	0	NCT02507674	2
201422	0	NCT02535962	0
201422	0	NCT02574364	2
201422	0	NCT02624089	1
201422	0	NCT02633735	2
201423	0	NCT00018408	1
201423	0	NCT00084266	0
201423	0	NCT00108823	1
201423	0	NCT00116584	0
201423	0	NCT00170222	1
201423	0	NCT00181272	1
201423	0	NCT00181285	1
201423	0	NCT00190437	2
201423	0	NCT00263380	2
201423	0	NCT00274222	2
201423	0	NCT00440687	1
201423	0	NCT00441649	0
201423	0	NCT00455468	0
201423	0	NCT00476736	1
201423	0	NCT00512954	1
201423	0	NCT00595114	1
201423	0	NCT00605007	2
201423	0	NCT00628225	1
201423	0	NCT00774176	1
201423	0	NCT00788645	1
201423	0	NCT00791505	1
201423	0	NCT00807469	1
201423	0	NCT00839189	1
201423	0	NCT00860938	1
201423	0	NCT00883701	1
201423	0	NCT00893009	1
201423	0	NCT00974064	0
201423	0	NCT00981851	1
201423	0	NCT00985244	1
201423	0	NCT01091493	1
201423	0	NCT01213693	1
201423	0	NCT01232140	1
201423	0	NCT01248507	1
201423	0	NCT01252225	0
201423	0	NCT01254032	1
201423	0	NCT01296477	0
201423	0	NCT01297790	1
201423	0	NCT01314807	1
201423	0	NCT01337336	1
201423	0	NCT01344005	0
201423	0	NCT01381367	1
201423	0	NCT01395875	1
201423	0	NCT01396798	0
201423	0	NCT01431911	1
201423	0	NCT01460082	1
201423	0	NCT01589926	0
201423	0	NCT01621685	0
201423	0	NCT01694069	0
201423	0	NCT01701869	1
201423	0	NCT01710488	1
201423	0	NCT01742338	1
201423	0	NCT01798420	1
201423	0	NCT01801657	0
201423	0	NCT01877707	0
201423	0	NCT01892488	1
201423	0	NCT01950936	1
201423	0	NCT01997047	0
201423	0	NCT02092675	0
201423	0	NCT02136875	1
201423	0	NCT02181023	1
201423	0	NCT02209974	1
201423	0	NCT02219360	2
201423	0	NCT02220387	1
201423	0	NCT02264483	1
201423	0	NCT02269644	1
201423	0	NCT02282436	1
201423	0	NCT02284295	1
201423	0	NCT02299375	1
201423	0	NCT02333812	2
201423	0	NCT02386735	1
201423	0	NCT02490358	1
201423	0	NCT02534766	2
201423	0	NCT02605122	0
201423	0	NCT02619903	1
201423	0	NCT02633033	0
201424	0	NCT00115128	0
201424	0	NCT00222651	0
201424	0	NCT00228111	0
201424	0	NCT00344149	0
201424	0	NCT00424736	0
201424	0	NCT00440830	0
201424	0	NCT00587132	0
201424	0	NCT00625053	0
201424	0	NCT00625092	0
201424	0	NCT00630513	0
201424	0	NCT00726544	0
201424	0	NCT00754806	0
201424	0	NCT00769873	0
201424	0	NCT00775528	0
201424	0	NCT00778362	0
201424	0	NCT00870766	0
201424	0	NCT00950625	0
201424	0	NCT00965744	0
201424	0	NCT00970515	0
201424	0	NCT00997633	0
201424	0	NCT01013428	0
201424	0	NCT01044173	0
201424	0	NCT01074112	0
201424	0	NCT01103999	0
201424	0	NCT01113645	0
201424	0	NCT01196715	0
201424	0	NCT01265004	0
201424	0	NCT01276561	2
201424	0	NCT01279369	0
201424	0	NCT01297725	0
201424	0	NCT01322828	0
201424	0	NCT01376466	0
201424	0	NCT01387828	0
201424	0	NCT01412684	0
201424	0	NCT01441492	0
201424	0	NCT01451931	0
201424	0	NCT01518816	0
201424	0	NCT01594385	0
201424	0	NCT01632774	0
201424	0	NCT01762761	0
201424	0	NCT01771861	1
201424	0	NCT01816256	0
201424	0	NCT01828749	0
201424	0	NCT01852773	0
201424	0	NCT01869049	0
201424	0	NCT01887028	0
201424	0	NCT01895127	0
201424	0	NCT01911702	2
201424	0	NCT01944397	0
201424	0	NCT02029339	0
201424	0	NCT02073890	0
201424	0	NCT02140710	0
201424	0	NCT02149472	0
201424	0	NCT02198885	0
201424	0	NCT02217956	0
201424	0	NCT02229695	2
201424	0	NCT02232191	2
201424	0	NCT02233569	0
201424	0	NCT02269878	0
201424	0	NCT02302664	0
201424	0	NCT02310854	0
201424	0	NCT02331134	0
201424	0	NCT02376192	0
201424	0	NCT02378311	0
201424	0	NCT02399150	2
201424	0	NCT02494232	0
201424	0	NCT02505347	0
201424	0	NCT02513316	0
201424	0	NCT02527031	0
201424	0	NCT02584777	0
201424	0	NCT02624089	0
201425	0	NCT00035139	2
201425	0	NCT00040339	0
201425	0	NCT00061399	0
201425	0	NCT00163774	0
201425	0	NCT00174980	0
201425	0	NCT00178711	0
201425	0	NCT00222742	2
201425	0	NCT00282269	2
201425	0	NCT00451789	0
201425	0	NCT00490997	0
201425	0	NCT00754481	0
201425	0	NCT00810940	0
201425	0	NCT00908063	0
201425	0	NCT00915928	0
201425	0	NCT01056146	2
201425	0	NCT01279928	0
201425	0	NCT01315379	0
201425	0	NCT01463878	0
201425	0	NCT01512277	0
201425	0	NCT01595906	0
201425	0	NCT01613235	0
201425	0	NCT01619943	0
201425	0	NCT01632813	0
201425	0	NCT01692769	2
201425	0	NCT01712477	0
201425	0	NCT01753921	0
201425	0	NCT01763892	0
201425	0	NCT01785797	0
201425	0	NCT01796886	0
201425	0	NCT01819597	0
201425	0	NCT01869855	0
201425	0	NCT01933217	0
201425	0	NCT01942564	0
201425	0	NCT01990768	0
201425	0	NCT02024373	0
201425	0	NCT02054117	0
201425	0	NCT02064959	0
201425	0	NCT02119533	0
201425	0	NCT02192320	0
201425	0	NCT02203968	0
201425	0	NCT02282228	0
201425	0	NCT02304328	0
201425	0	NCT02309242	0
201425	0	NCT02318290	0
201425	0	NCT02362321	0
201425	0	NCT02378311	2
201425	0	NCT02392975	0
201425	0	NCT02415257	0
201425	0	NCT02416752	0
201425	0	NCT02475226	1
201425	0	NCT02477007	0
201425	0	NCT02485873	0
201425	0	NCT02568124	0
201426	0	NCT00082563	0
201426	0	NCT00132535	0
201426	0	NCT00132561	0
201426	0	NCT00144716	1
201426	0	NCT00164216	0
201426	0	NCT00233337	0
201426	0	NCT00258024	0
201426	0	NCT00294580	0
201426	0	NCT00373048	1
201426	0	NCT00373607	0
201426	0	NCT00442377	0
201426	0	NCT00494416	0
201426	0	NCT00497471	1
201426	0	NCT00589329	0
201426	0	NCT00641823	0
201426	0	NCT00730366	0
201426	0	NCT00970879	0
201426	0	NCT00984256	0
201426	0	NCT00984763	0
201426	0	NCT01078779	0
201426	0	NCT01218893	0
201426	0	NCT01236612	0
201426	0	NCT01422954	0
201426	0	NCT01546961	0
201426	0	NCT01557803	0
201426	0	NCT01728701	0
201426	0	NCT01729559	0
201426	0	NCT01746199	0
201426	0	NCT02080026	0
201426	0	NCT02084602	0
201426	0	NCT02098590	0
201426	0	NCT02498301	0
201426	0	NCT02511054	0
201426	0	NCT02557425	1
201426	0	NCT02564471	0
201427	0	NCT00026468	1
201427	0	NCT00055848	0
201427	0	NCT00140894	2
201427	0	NCT00224679	1
201427	0	NCT00253812	0
201427	0	NCT00319007	0
201427	0	NCT00485069	0
201427	0	NCT00525655	2
201427	0	NCT00586053	0
201427	0	NCT00641147	0
201427	0	NCT00663819	0
201427	0	NCT00685568	1
201427	0	NCT00728026	2
201427	0	NCT00748449	1
201427	0	NCT00770991	1
201427	0	NCT00808743	1
201427	0	NCT00823836	0
201427	0	NCT00843375	0
201427	0	NCT00900016	0
201427	0	NCT00905710	0
201427	0	NCT01173250	0
201427	0	NCT01187901	2
201427	0	NCT01245816	0
201427	0	NCT01422577	0
201427	0	NCT01483144	2
201427	0	NCT01495806	0
201427	0	NCT01647776	0
201427	0	NCT01713881	2
201427	0	NCT01722149	0
201427	0	NCT01725490	2
201427	0	NCT01729416	0
201427	0	NCT01737567	0
201427	0	NCT01761279	2
201427	0	NCT01767870	0
201427	0	NCT01960348	1
201427	0	NCT02016326	0
201427	0	NCT02081742	0
201427	0	NCT02113202	1
201427	0	NCT02470416	0
201427	0	NCT02521727	0
201427	0	NCT02538406	2
201429	0	NCT00000402	0
201429	0	NCT00000430	0
201429	0	NCT00001720	0
201429	0	NCT00001951	0
201429	0	NCT00010686	0
201429	0	NCT00010712	1
201429	0	NCT00011323	0
201429	0	NCT00021827	1
201429	0	NCT00073190	1
201429	0	NCT00092053	0
201429	0	NCT00145080	1
201429	0	NCT00170339	0
201429	0	NCT00224991	0
201429	0	NCT00226031	0
201429	0	NCT00273260	0
201429	0	NCT00280943	0
201429	0	NCT00301353	1
201429	0	NCT00303485	0
201429	0	NCT00327847	1
201429	0	NCT00347737	0
201429	0	NCT00376662	0
201429	0	NCT00386022	0
201429	0	NCT00432692	0
201429	0	NCT00540267	0
201429	0	NCT00545779	0
201429	0	NCT00575250	0
201429	0	NCT00578981	1
201429	0	NCT00609830	0
201429	0	NCT00698984	0
201429	0	NCT00703417	2
201429	0	NCT00762775	2
201429	0	NCT00787904	0
201429	0	NCT00846638	1
201429	0	NCT00860964	0
201429	0	NCT00982371	0
201429	0	NCT01035177	0
201429	0	NCT01128257	0
201429	0	NCT01141972	0
201429	0	NCT01152580	1
201429	0	NCT01206491	2
201429	0	NCT01227369	0
201429	0	NCT01232647	0
201429	0	NCT01314807	0
201429	0	NCT01341067	1
201429	0	NCT01360424	0
201429	0	NCT01440803	0
201429	0	NCT01452243	0
201429	0	NCT01512446	0
201429	0	NCT01607775	0
201429	0	NCT01677637	2
201429	0	NCT01698463	0
201429	0	NCT01821885	1
201429	0	NCT01846533	1
201429	0	NCT01854086	0
201429	0	NCT01870557	1
201429	0	NCT01928134	0
201429	0	NCT01934400	0
201429	0	NCT01935232	1
201429	0	NCT01978834	2
201429	0	NCT01998737	2
201429	0	NCT02066480	0
201429	0	NCT02115711	1
201429	0	NCT02164552	0
201429	0	NCT02184962	1
201429	0	NCT02273128	0
201429	0	NCT02347865	0
201429	0	NCT02422069	2
201429	0	NCT02472782	0
201429	0	NCT02534714	0
201429	0	NCT02551315	2
201429	0	NCT02594592	2
20143	0	NCT00001776	1
20143	0	NCT00001777	0
20143	0	NCT00003562	1
20143	0	NCT00003859	0
20143	0	NCT00005666	0
20143	0	NCT00006087	0
20143	0	NCT00024908	1
20143	0	NCT00047801	1
20143	0	NCT00049543	0
20143	0	NCT00088569	0
20143	0	NCT00124761	2
20143	0	NCT00128986	0
20143	0	NCT00172575	1
20143	0	NCT00181272	0
20143	0	NCT00188279	0
20143	0	NCT00188435	0
20143	0	NCT00193765	0
20143	0	NCT00202176	0
20143	0	NCT00303901	1
20143	0	NCT00339066	0
20143	0	NCT00382707	0
20143	0	NCT00423332	0
20143	0	NCT00466947	0
20143	0	NCT00517959	0
20143	0	NCT00578084	2
20143	0	NCT00579852	1
20143	0	NCT00591838	0
20143	0	NCT00613041	0
20143	0	NCT00629460	0
20143	0	NCT00633035	2
20143	0	NCT00643318	0
20143	0	NCT00757120	0
20143	0	NCT00839488	0
20143	0	NCT00852644	0
20143	0	NCT00894569	0
20143	0	NCT00897650	2
20143	0	NCT00907543	0
20143	0	NCT00918320	2
20143	0	NCT00963651	2
20143	0	NCT00992966	0
20143	0	NCT01028417	0
20143	0	NCT01085864	1
20143	0	NCT01109147	0
20143	0	NCT01141842	1
20143	0	NCT01149187	1
20143	0	NCT01152463	1
20143	0	NCT01152788	0
20143	0	NCT01201824	1
20143	0	NCT01221493	1
20143	0	NCT01272622	0
20143	0	NCT01349400	0
20143	0	NCT01351870	0
20143	0	NCT01354912	0
20143	0	NCT01452971	2
20143	0	NCT01465425	2
20143	0	NCT01561729	0
20143	0	NCT01566682	1
20143	0	NCT01572571	0
20143	0	NCT01572584	0
20143	0	NCT01586611	0
20143	0	NCT01605214	0
20143	0	NCT01649752	0
20143	0	NCT01654887	0
20143	0	NCT01663155	0
20143	0	NCT01668459	0
20143	0	NCT01669135	0
20143	0	NCT01696292	0
20143	0	NCT01696968	0
20143	0	NCT01700257	0
20143	0	NCT01739881	2
20143	0	NCT01802125	0
20143	0	NCT01803542	0
20143	0	NCT01847209	1
20143	0	NCT01863069	0
20143	0	NCT01864538	0
20143	0	NCT01908933	0
20143	0	NCT01951846	1
20143	0	NCT02013063	0
20143	0	NCT02022371	0
20143	0	NCT02050724	1
20143	0	NCT02051868	0
20143	0	NCT02081105	1
20143	0	NCT02095808	2
20143	0	NCT02096445	0
20143	0	NCT02137291	0
20143	0	NCT02225392	0
20143	0	NCT02289144	0
20143	0	NCT02374242	0
20143	0	NCT02434107	0
20143	0	NCT02439086	0
20143	0	NCT02441478	0
20143	0	NCT02445183	0
20143	0	NCT02448225	0
20143	0	NCT02490059	1
20143	0	NCT02501668	2
20143	0	NCT02505750	0
20143	0	NCT02519972	2
20143	0	NCT02563691	0
20143	0	NCT02623712	1
201430	0	NCT00005134	0
201430	0	NCT00005254	0
201430	0	NCT00005338	0
201430	0	NCT00118560	0
201430	0	NCT00171054	0
201430	0	NCT00173602	0
201430	0	NCT00185068	1
201430	0	NCT00262470	1
201430	0	NCT00310752	0
201430	0	NCT00311805	0
201430	0	NCT00368095	1
201430	0	NCT00471289	0
201430	0	NCT00481741	0
201430	0	NCT00485329	0
201430	0	NCT00603590	1
201430	0	NCT00721006	2
201430	0	NCT00725881	0
201430	0	NCT00739596	0
201430	0	NCT00753025	0
201430	0	NCT00762086	0
201430	0	NCT00768495	0
201430	0	NCT00781950	0
201430	0	NCT00883246	1
201430	0	NCT00926770	0
201430	0	NCT00931112	0
201430	0	NCT00996281	0
201430	0	NCT01002235	0
201430	0	NCT01019681	1
201430	0	NCT01041729	1
201430	0	NCT01076738	0
201430	0	NCT01118000	0
201430	0	NCT01250275	1
201430	0	NCT01289548	0
201430	0	NCT01335022	0
201430	0	NCT01362283	0
201430	0	NCT01382277	1
201430	0	NCT01397474	0
201430	0	NCT01422343	1
201430	0	NCT01475097	1
201430	0	NCT01475786	0
201430	0	NCT01499134	0
201430	0	NCT01505738	1
201430	0	NCT01624519	0
201430	0	NCT01625832	1
201430	0	NCT01691911	0
201430	0	NCT01698853	0
201430	0	NCT01741896	0
201430	0	NCT01801592	1
201430	0	NCT01902654	0
201430	0	NCT01970332	1
201430	0	NCT02003781	0
201430	0	NCT02051088	1
201430	0	NCT02057328	0
201430	0	NCT02097186	0
201430	0	NCT02110251	1
201430	0	NCT02123004	0
201430	0	NCT02133911	0
201430	0	NCT02217501	1
201430	0	NCT02254356	2
201430	0	NCT02273232	2
201430	0	NCT02406131	1
201430	0	NCT02427464	0
201430	0	NCT02427867	0
201430	0	NCT02431819	1
201430	0	NCT02433990	0
201430	0	NCT02436200	0
201430	0	NCT02516072	1
20144	0	NCT00044239	0
20144	0	NCT00053456	0
20144	0	NCT00100126	0
20144	0	NCT00162032	0
20144	0	NCT00254930	0
20144	0	NCT00271570	2
20144	0	NCT00305201	0
20144	0	NCT00591916	0
20144	0	NCT00604786	0
20144	0	NCT00643149	0
20144	0	NCT00793403	0
20144	0	NCT00841789	2
20144	0	NCT01050062	0
20144	0	NCT01173939	0
20144	0	NCT01212770	0
20144	0	NCT01244217	0
20144	0	NCT01281969	0
20144	0	NCT01307423	0
20144	0	NCT01433861	0
20144	0	NCT01440075	0
20144	0	NCT01491776	0
20144	0	NCT01494792	0
20144	0	NCT01596335	2
20144	0	NCT01917721	1
20144	0	NCT02031120	0
20144	0	NCT02063789	0
20144	0	NCT02247765	0
20144	0	NCT02317913	2
20144	0	NCT02390596	1
20144	0	NCT02439996	2
20144	0	NCT02457403	0
20144	0	NCT02557334	0
20144	0	NCT02624882	0
20145	0	NCT00000566	1
20145	0	NCT00003674	0
20145	0	NCT00005351	0
20145	0	NCT00041509	0
20145	0	NCT00043927	0
20145	0	NCT00075179	0
20145	0	NCT00083772	0
20145	0	NCT00123734	2
20145	0	NCT00138099	0
20145	0	NCT00163709	1
20145	0	NCT00178789	2
20145	0	NCT00182364	0
20145	0	NCT00196417	0
20145	0	NCT00203970	2
20145	0	NCT00264901	0
20145	0	NCT00277394	1
20145	0	NCT00314548	0
20145	0	NCT00321048	1
20145	0	NCT00329433	0
20145	0	NCT00361959	0
20145	0	NCT00365950	2
20145	0	NCT00368836	0
20145	0	NCT00455468	0
20145	0	NCT00456196	1
20145	0	NCT00618579	0
20145	0	NCT00714597	0
20145	0	NCT00719784	2
20145	0	NCT00726570	0
20145	0	NCT00726947	1
20145	0	NCT00743106	0
20145	0	NCT00756145	0
20145	0	NCT00771563	0
20145	0	NCT00789399	0
20145	0	NCT00816920	0
20145	0	NCT00997737	0
20145	0	NCT01137578	0
20145	0	NCT01164046	1
20145	0	NCT01183026	2
20145	0	NCT01212757	0
20145	0	NCT01258725	0
20145	0	NCT01298986	0
20145	0	NCT01300832	0
20145	0	NCT01307423	0
20145	0	NCT01317160	0
20145	0	NCT01318174	0
20145	0	NCT01344954	0
20145	0	NCT01394107	0
20145	0	NCT01444612	0
20145	0	NCT01535248	0
20145	0	NCT01542723	0
20145	0	NCT01542762	0
20145	0	NCT01557725	0
20145	0	NCT01559532	0
20145	0	NCT01604538	2
20145	0	NCT01662843	2
20145	0	NCT01708239	0
20145	0	NCT01724996	0
20145	0	NCT01729559	2
20145	0	NCT01752673	0
20145	0	NCT01770912	0
20145	0	NCT01793194	0
20145	0	NCT01849406	0
20145	0	NCT01856842	0
20145	0	NCT01899339	1
20145	0	NCT01935141	2
20145	0	NCT01940328	0
20145	0	NCT01956955	1
20145	0	NCT01959529	0
20145	0	NCT01970202	0
20145	0	NCT02070354	0
20145	0	NCT02102828	0
20145	0	NCT02134652	0
20145	0	NCT02356120	2
20145	0	NCT02369263	2
20145	0	NCT02393963	0
20145	0	NCT02406885	0
20145	0	NCT02447731	0
20145	0	NCT02507180	0
20145	0	NCT02553200	0
20145	0	NCT02584725	0
20146	0	NCT00004572	0
20146	0	NCT00006426	1
20146	0	NCT00013286	1
20146	0	NCT00015626	1
20146	0	NCT00034788	2
20146	0	NCT00095446	2
20146	0	NCT00117364	0
20146	0	NCT00134550	0
20146	0	NCT00235196	0
20146	0	NCT00269100	0
20146	0	NCT00289497	0
20146	0	NCT00304733	1
20146	0	NCT00311922	2
20146	0	NCT00338702	0
20146	0	NCT00355602	0
20146	0	NCT00358059	0
20146	0	NCT00399425	2
20146	0	NCT00410449	0
20146	0	NCT00446823	1
20146	0	NCT00469105	2
20146	0	NCT00477022	0
20146	0	NCT00512538	0
20146	0	NCT00519493	0
20146	0	NCT00519935	1
20146	0	NCT00521027	0
20146	0	NCT00621608	2
20146	0	NCT00655044	1
20146	0	NCT00754741	1
20146	0	NCT00789646	0
20146	0	NCT00807664	0
20146	0	NCT00830453	0
20146	0	NCT00839865	0
20146	0	NCT00866424	0
20146	0	NCT00916500	0
20146	0	NCT00950040	1
20146	0	NCT00955669	0
20146	0	NCT00970697	1
20146	0	NCT00990522	1
20146	0	NCT00999635	1
20146	0	NCT01005264	0
20146	0	NCT01013792	0
20146	0	NCT01028404	0
20146	0	NCT01043354	1
20146	0	NCT01094899	1
20146	0	NCT01181453	0
20146	0	NCT01211236	1
20146	0	NCT01217463	0
20146	0	NCT01217567	0
20146	0	NCT01237392	0
20146	0	NCT01259206	2
20146	0	NCT01263288	0
20146	0	NCT01285973	0
20146	0	NCT01319123	0
20146	0	NCT01339637	0
20146	0	NCT01356459	0
20146	0	NCT01370837	0
20146	0	NCT01396304	1
20146	0	NCT01396837	0
20146	0	NCT01417208	1
20146	0	NCT01432925	0
20146	0	NCT01449422	0
20146	0	NCT01477047	0
20146	0	NCT01480414	0
20146	0	NCT01531517	0
20146	0	NCT01542463	2
20146	0	NCT01580917	1
20146	0	NCT01583465	0
20146	0	NCT01584817	0
20146	0	NCT01586481	0
20146	0	NCT01657318	0
20146	0	NCT01666093	1
20146	0	NCT01716624	0
20146	0	NCT01733524	0
20146	0	NCT01796548	0
20146	0	NCT01827683	0
20146	0	NCT01865292	0
20146	0	NCT01912976	0
20146	0	NCT01924806	0
20146	0	NCT01951768	1
20146	0	NCT01966380	2
20146	0	NCT01986205	0
20146	0	NCT01998932	0
20146	0	NCT02007824	0
20146	0	NCT02052817	0
20146	0	NCT02073188	0
20146	0	NCT02087215	0
20146	0	NCT02136654	0
20146	0	NCT02144142	0
20146	0	NCT02169167	0
20146	0	NCT02217722	0
20146	0	NCT02222376	2
20146	0	NCT02235935	1
20146	0	NCT02251418	1
20146	0	NCT02294175	0
20146	0	NCT02329366	1
20146	0	NCT02379507	1
20146	0	NCT02405741	0
20146	0	NCT02447172	0
20146	0	NCT02458495	0
20146	0	NCT02482948	1
20146	0	NCT02512159	2
20146	0	NCT02557698	0
20146	0	NCT02563678	2
20146	0	NCT02583958	0
20146	0	NCT02586519	0
20146	0	NCT02598180	0
20146	0	NCT02619877	1
20146	0	NCT02621476	0
20147	0	NCT00000369	2
20147	0	NCT00005015	1
20147	0	NCT00006170	0
20147	0	NCT00012558	2
20147	0	NCT00043654	1
20147	0	NCT00044187	0
20147	0	NCT00063362	1
20147	0	NCT00074789	0
20147	0	NCT00088387	0
20147	0	NCT00114439	0
20147	0	NCT00116259	0
20147	0	NCT00156325	0
20147	0	NCT00156533	0
20147	0	NCT00167479	0
20147	0	NCT00174876	0
20147	0	NCT00177216	0
20147	0	NCT00194038	0
20147	0	NCT00202293	0
20147	0	NCT00203450	0
20147	0	NCT00221442	0
20147	0	NCT00223509	2
20147	0	NCT00226135	2
20147	0	NCT00275834	0
20147	0	NCT00277641	0
20147	0	NCT00277654	0
20147	0	NCT00296179	0
20147	0	NCT00296790	0
20147	0	NCT00318448	0
20147	0	NCT00332098	0
20147	0	NCT00348036	0
20147	0	NCT00374543	1
20147	0	NCT00380081	1
20147	0	NCT00383643	0
20147	0	NCT00384332	0
20147	0	NCT00393978	0
20147	0	NCT00394095	0
20147	0	NCT00422331	0
20147	0	NCT00431171	0
20147	0	NCT00432198	0
20147	0	NCT00464191	2
20147	0	NCT00466193	0
20147	0	NCT00469937	0
20147	0	NCT00485680	1
20147	0	NCT00492232	0
20147	0	NCT00494468	0
20147	0	NCT00501540	0
20147	0	NCT00545233	0
20147	0	NCT00552760	1
20147	0	NCT00563992	2
20147	0	NCT00573196	2
20147	0	NCT00579280	0
20147	0	NCT00582712	0
20147	0	NCT00584961	2
20147	0	NCT00592696	0
20147	0	NCT00601536	1
20147	0	NCT00601575	0
20147	0	NCT00602394	0
20147	0	NCT00602537	0
20147	0	NCT00606840	0
20147	0	NCT00608296	1
20147	0	NCT00630175	1
20147	0	NCT00641108	0
20147	0	NCT00658541	0
20147	0	NCT00662155	0
20147	0	NCT00665366	1
20147	0	NCT00672490	2
20147	0	NCT00684814	0
20147	0	NCT00709202	0
20147	0	NCT00716521	0
20147	0	NCT00720395	0
20147	0	NCT00721955	1
20147	0	NCT00741299	2
20147	0	NCT00750061	0
20147	0	NCT00781482	0
20147	0	NCT00806234	0
20147	0	NCT00814502	0
20147	0	NCT00820794	0
20147	0	NCT00838032	0
20147	0	NCT00845507	0
20147	0	NCT00845988	2
20147	0	NCT00883493	1
20147	0	NCT00934908	0
20147	0	NCT00936598	0
20147	0	NCT00956319	1
20147	0	NCT00957359	0
20147	0	NCT00986128	2
20147	0	NCT00993850	2
20147	0	NCT00997672	0
20147	0	NCT00998634	0
20147	0	NCT00999219	0
20147	0	NCT01006525	0
20147	0	NCT01012180	1
20147	0	NCT01072929	0
20147	0	NCT01074073	0
20147	0	NCT01075295	0
20147	0	NCT01093937	0
20147	0	NCT01117961	0
20147	0	NCT01134731	0
20147	0	NCT01159652	0
20147	0	NCT01166425	0
20147	0	NCT01172652	0
20147	0	NCT01181232	1
20147	0	NCT01181583	0
20147	0	NCT01184443	0
20147	0	NCT01259388	0
20147	0	NCT01293825	1
20147	0	NCT01363310	0
20147	0	NCT01385709	2
20147	0	NCT01395238	0
20147	0	NCT01416220	0
20147	0	NCT01428518	0
20147	0	NCT01471613	0
20147	0	NCT01491490	0
20147	0	NCT01526148	2
20147	0	NCT01551485	0
20147	0	NCT01689909	1
20147	0	NCT01704352	1
20147	0	NCT01736709	0
20147	0	NCT01764035	0
20147	0	NCT01783652	0
20147	0	NCT01784666	2
20147	0	NCT01804036	0
20147	0	NCT01855594	0
20147	0	NCT01863628	1
20147	0	NCT01892306	0
20147	0	NCT01893229	2
20147	0	NCT01896336	0
20147	0	NCT01928446	0
20147	0	NCT01944293	2
20147	0	NCT01954680	0
20147	0	NCT02003690	0
20147	0	NCT02033915	0
20147	0	NCT02039479	0
20147	0	NCT02090595	0
20147	0	NCT02096900	0
20147	0	NCT02116400	0
20147	0	NCT02129790	0
20147	0	NCT02139098	0
20147	0	NCT02163564	0
20147	0	NCT02198859	0
20147	0	NCT02281162	0
20147	0	NCT02287259	0
20147	0	NCT02323763	2
20147	0	NCT02353299	1
20147	0	NCT02399423	0
20147	0	NCT02484963	0
20147	0	NCT02490241	0
20147	0	NCT02491307	2
20147	0	NCT02525991	0
20147	0	NCT02527564	0
20147	0	NCT02593643	0
20147	0	NCT02604277	2
20147	0	NCT02607696	0
20148	0	NCT00002414	1
20148	0	NCT00004771	0
20148	0	NCT00031369	1
20148	0	NCT00040196	0
20148	0	NCT00077896	1
20148	0	NCT00104663	0
20148	0	NCT00108849	0
20148	0	NCT00169468	0
20148	0	NCT00297271	0
20148	0	NCT00306124	0
20148	0	NCT00340301	1
20148	0	NCT00393588	0
20148	0	NCT00439127	0
20148	0	NCT00474292	0
20148	0	NCT00476372	0
20148	0	NCT00526084	0
20148	0	NCT00631332	0
20148	0	NCT00718107	1
20148	0	NCT00718458	0
20148	0	NCT00781833	0
20148	0	NCT00786032	0
20148	0	NCT00812474	0
20148	0	NCT00816556	0
20148	0	NCT00832403	0
20148	0	NCT00897299	0
20148	0	NCT00921648	0
20148	0	NCT01022307	0
20148	0	NCT01050881	0
20148	0	NCT01122342	0
20148	0	NCT01231672	0
20148	0	NCT01238926	1
20148	0	NCT01315704	1
20148	0	NCT01388400	0
20148	0	NCT01390922	2
20148	0	NCT01438060	0
20148	0	NCT01463475	0
20148	0	NCT01507454	0
20148	0	NCT01519271	2
20148	0	NCT01555827	0
20148	0	NCT01586520	0
20148	0	NCT01592825	0
20148	0	NCT01628315	2
20148	0	NCT01637051	0
20148	0	NCT01641627	0
20148	0	NCT01677793	0
20148	0	NCT01725178	0
20148	0	NCT01862172	0
20148	0	NCT01910363	1
20148	0	NCT01942759	0
20148	0	NCT01944397	0
20148	0	NCT01960985	1
20148	0	NCT01962779	0
20148	0	NCT02002884	0
20148	0	NCT02020980	0
20148	0	NCT02045004	0
20148	0	NCT02056613	0
20148	0	NCT02067247	0
20148	0	NCT02152449	0
20148	0	NCT02208219	0
20148	0	NCT02212119	1
20148	0	NCT02275312	0
20148	0	NCT02440815	0
20148	0	NCT02480803	0
20148	0	NCT02544178	0
20148	0	NCT02571504	0
20148	0	NCT02579278	0
20148	0	NCT02588053	0
20148	0	NCT02589925	0
20148	0	NCT02604186	0
20149	0	NCT00124163	0
20149	0	NCT00237276	0
20149	0	NCT00291486	0
20149	0	NCT00476905	2
20149	0	NCT00610818	0
20149	0	NCT00617825	0
20149	0	NCT00667225	0
20149	0	NCT00684294	0
20149	0	NCT00911352	0
20149	0	NCT00937690	1
20149	0	NCT01010321	1
20149	0	NCT01014819	2
20149	0	NCT01023984	0
20149	0	NCT01072045	0
20149	0	NCT01125150	0
20149	0	NCT01259037	2
20149	0	NCT01384357	0
20149	0	NCT01405755	1
20149	0	NCT01406379	0
20149	0	NCT01444989	2
20149	0	NCT01492647	0
20149	0	NCT01509599	0
20149	0	NCT01541553	1
20149	0	NCT01565993	0
20149	0	NCT01574664	0
20149	0	NCT01633515	0
20149	0	NCT01636453	0
20149	0	NCT01680562	2
20149	0	NCT01700101	1
20149	0	NCT01800656	0
20149	0	NCT01950026	1
20149	0	NCT01994616	0
20149	0	NCT02005796	0
20149	0	NCT02009566	2
20149	0	NCT02063243	0
20149	0	NCT02063971	0
20149	0	NCT02147353	0
20149	0	NCT02156193	0
20149	0	NCT02160626	0
20149	0	NCT02196246	1
20149	0	NCT02220127	0
20149	0	NCT02260180	0
20149	0	NCT02366559	0
20149	0	NCT02432118	0
20149	0	NCT02476747	0
20149	0	NCT02525822	0
20149	0	NCT02537483	0
20149	0	NCT02615912	1
20151	0	NCT00038272	0
20151	0	NCT00040495	2
20151	0	NCT00147030	0
20151	0	NCT00152399	2
20151	0	NCT00153712	0
20151	0	NCT00164905	1
20151	0	NCT00164931	1
20151	0	NCT00165009	2
20151	0	NCT00282373	0
20151	0	NCT00314704	2
20151	0	NCT00316017	0
20151	0	NCT00374101	1
20151	0	NCT00392639	0
20151	0	NCT00432991	0
20151	0	NCT00441727	1
20151	0	NCT00612196	0
20151	0	NCT00624169	2
20151	0	NCT00687336	1
20151	0	NCT00727974	0
20151	0	NCT00731601	2
20151	0	NCT00751634	0
20151	0	NCT00753064	0
20151	0	NCT00771563	0
20151	0	NCT00797641	1
20151	0	NCT00810121	0
20151	0	NCT00838682	2
20151	0	NCT00843063	1
20151	0	NCT00854776	0
20151	0	NCT00881413	2
20151	0	NCT00950417	0
20151	0	NCT01040416	0
20151	0	NCT01041196	0
20151	0	NCT01080326	2
20151	0	NCT01123837	0
20151	0	NCT01138969	0
20151	0	NCT01142180	1
20151	0	NCT01142245	1
20151	0	NCT01155401	2
20151	0	NCT01165866	0
20151	0	NCT01180179	1
20151	0	NCT01182597	2
20151	0	NCT01292915	2
20151	0	NCT01353144	0
20151	0	NCT01371591	2
20151	0	NCT01408186	1
20151	0	NCT01411852	0
20151	0	NCT01474915	0
20151	0	NCT01551641	1
20151	0	NCT01560702	2
20151	0	NCT01822600	2
20151	0	NCT01838863	0
20151	0	NCT01845168	0
20151	0	NCT01888588	0
20151	0	NCT01911702	0
20151	0	NCT01923064	0
20151	0	NCT01926600	2
20151	0	NCT01956955	0
20151	0	NCT01993381	0
20151	0	NCT02017379	2
20151	0	NCT02049619	0
20151	0	NCT02088385	2
20151	0	NCT02105532	1
20151	0	NCT02150941	2
20151	0	NCT02166008	0
20151	0	NCT02197039	1
20151	0	NCT02241044	2
20151	0	NCT02245802	2
20151	0	NCT02316990	0
20151	0	NCT02342470	0
20151	0	NCT02352155	2
20151	0	NCT02358850	0
20151	0	NCT02417519	0
20151	0	NCT02446678	0
20151	0	NCT02456012	1
20151	0	NCT02461329	1
20151	0	NCT02477501	0
20151	0	NCT02535624	0
201510	0	NCT00001259	0
201510	0	NCT00004330	0
201510	0	NCT00040053	0
201510	0	NCT00064766	0
201510	0	NCT00225199	1
201510	0	NCT00260091	1
201510	0	NCT00290251	1
201510	0	NCT00374192	0
201510	0	NCT00461305	0
201510	0	NCT00472615	0
201510	0	NCT00534846	0
201510	0	NCT00552266	0
201510	0	NCT00563576	0
201510	0	NCT00611923	0
201510	0	NCT00633360	0
201510	0	NCT00754065	0
201510	0	NCT00789802	0
201510	0	NCT00849173	0
201510	0	NCT00856921	0
201510	0	NCT00866437	0
201510	0	NCT00967746	0
201510	0	NCT01128322	0
201510	0	NCT01141972	0
201510	0	NCT01295294	0
201510	0	NCT01297868	1
201510	0	NCT01309113	0
201510	0	NCT01353846	1
201510	0	NCT01368068	0
201510	0	NCT01377519	1
201510	0	NCT01412138	2
201510	0	NCT01428713	0
201510	0	NCT01541241	0
201510	0	NCT01588899	0
201510	0	NCT01601366	0
201510	0	NCT01840124	1
201510	0	NCT01928784	0
201510	0	NCT01936493	1
201510	0	NCT01941017	0
201510	0	NCT02084667	2
201510	0	NCT02197936	0
201510	0	NCT02201719	0
201510	0	NCT02340533	2
201510	0	NCT02400684	1
201510	0	NCT02459717	0
201510	0	NCT02470741	1
201510	0	NCT02481739	1
201510	0	NCT02511626	2
201510	0	NCT02633254	0
201511	0	NCT00004833	0
201511	0	NCT00008853	0
201511	0	NCT00111735	0
201511	0	NCT00192218	0
201511	0	NCT00206375	0
201511	0	NCT00267345	0
201511	0	NCT00287144	0
201511	0	NCT00320346	0
201511	0	NCT00352664	0
201511	0	NCT00357201	0
201511	0	NCT00360074	0
201511	0	NCT00486954	0
201511	0	NCT00493103	1
201511	0	NCT00524238	1
201511	0	NCT00535561	0
201511	0	NCT00552253	1
201511	0	NCT00565890	0
201511	0	NCT00679835	0
201511	0	NCT00715572	0
201511	0	NCT00818896	0
201511	0	NCT00836251	0
201511	0	NCT00844948	0
201511	0	NCT00895531	0
201511	0	NCT00906971	0
201511	0	NCT00921050	1
201511	0	NCT00965601	0
201511	0	NCT01006421	0
201511	0	NCT01029262	0
201511	0	NCT01049217	0
201511	0	NCT01072032	0
201511	0	NCT01074047	0
201511	0	NCT01115231	0
201511	0	NCT01197183	2
201511	0	NCT01236599	0
201511	0	NCT01258062	0
201511	0	NCT01306227	0
201511	0	NCT01486667	0
201511	0	NCT01525004	0
201511	0	NCT01574859	1
201511	0	NCT01576705	0
201511	0	NCT01577108	0
201511	0	NCT01647750	0
201511	0	NCT01665781	0
201511	0	NCT01695733	0
201511	0	NCT01716871	0
201511	0	NCT01719510	0
201511	0	NCT01739972	0
201511	0	NCT01832753	0
201511	0	NCT01840332	1
201511	0	NCT01848171	1
201511	0	NCT01853579	0
201511	0	NCT01862510	2
201511	0	NCT01901250	0
201511	0	NCT01916018	0
201511	0	NCT02029378	0
201511	0	NCT02073006	0
201511	0	NCT02077413	0
201511	0	NCT02086799	0
201511	0	NCT02113215	0
201511	0	NCT02222649	0
201511	0	NCT02308137	0
201511	0	NCT02399475	0
201511	0	NCT02430857	1
201511	0	NCT02451982	0
201511	0	NCT02452008	0
201511	0	NCT02509858	0
201511	0	NCT02511444	0
201511	0	NCT02516280	0
201511	0	NCT02528890	0
201511	0	NCT02563184	0
201511	0	NCT02591550	0
201512	0	NCT00002288	0
201512	0	NCT00069316	0
201512	0	NCT00097838	0
201512	0	NCT00135278	1
201512	0	NCT00162578	2
201512	0	NCT00226304	0
201512	0	NCT00227214	0
201512	0	NCT00231374	1
201512	0	NCT00355394	0
201512	0	NCT00452036	1
201512	0	NCT00483873	0
201512	0	NCT00557622	0
201512	0	NCT00565435	0
201512	0	NCT00594035	0
201512	0	NCT00619203	0
201512	0	NCT00658060	0
201512	0	NCT00681824	0
201512	0	NCT00704340	1
201512	0	NCT00735527	0
201512	0	NCT00736827	1
201512	0	NCT00764101	1
201512	0	NCT00766064	0
201512	0	NCT00779740	0
201512	0	NCT00783224	0
201512	0	NCT00927953	0
201512	0	NCT00938756	0
201512	0	NCT00979615	0
201512	0	NCT01135134	0
201512	0	NCT01339702	1
201512	0	NCT01355627	1
201512	0	NCT01369563	0
201512	0	NCT01425632	0
201512	0	NCT01448473	0
201512	0	NCT01478035	0
201512	0	NCT01481922	0
201512	0	NCT01482052	0
201512	0	NCT01503788	1
201512	0	NCT01512277	0
201512	0	NCT01522105	0
201512	0	NCT01540838	0
201512	0	NCT01554124	0
201512	0	NCT01680029	0
201512	0	NCT01730391	2
201512	0	NCT01730690	2
201512	0	NCT01747369	0
201512	0	NCT01781247	0
201512	0	NCT01799837	0
201512	0	NCT01802502	0
201512	0	NCT01815125	0
201512	0	NCT01861522	0
201512	0	NCT01897402	0
201512	0	NCT01915745	0
201512	0	NCT01918033	0
201512	0	NCT01943929	0
201512	0	NCT01977001	0
201512	0	NCT02011867	0
201512	0	NCT02021877	1
201512	0	NCT02063087	0
201512	0	NCT02119533	2
201512	0	NCT02236442	0
201512	0	NCT02238210	0
201512	0	NCT02247765	0
201512	0	NCT02261792	0
201512	0	NCT02263235	0
201512	0	NCT02357498	0
201512	0	NCT02418169	1
201512	0	NCT02457546	2
201512	0	NCT02467309	2
201512	0	NCT02475226	2
201512	0	NCT02486783	0
201512	0	NCT02495545	1
201512	0	NCT02633787	0
201513	0	NCT00001220	2
201513	0	NCT00001922	0
201513	0	NCT00066911	0
201513	0	NCT00071734	0
201513	0	NCT00104000	0
201513	0	NCT00173745	0
201513	0	NCT00315042	1
201513	0	NCT00315549	0
201513	0	NCT00344318	0
201513	0	NCT00394550	0
201513	0	NCT00455468	0
201513	0	NCT00491894	0
201513	0	NCT00515437	0
201513	0	NCT00569894	0
201513	0	NCT00597844	0
201513	0	NCT00626951	0
201513	0	NCT00653198	0
201513	0	NCT00679796	0
201513	0	NCT00713414	0
201513	0	NCT00734565	0
201513	0	NCT00905385	0
201513	0	NCT00912990	0
201513	0	NCT00938353	0
201513	0	NCT00954031	1
201513	0	NCT01017055	0
201513	0	NCT01036659	0
201513	0	NCT01044316	0
201513	0	NCT01075269	0
201513	0	NCT01125527	0
201513	0	NCT01186900	0
201513	0	NCT01194232	0
201513	0	NCT01198210	0
201513	0	NCT01226953	0
201513	0	NCT01227200	0
201513	0	NCT01249300	0
201513	0	NCT01249885	0
201513	0	NCT01255670	2
201513	0	NCT01255735	0
201513	0	NCT01292213	0
201513	0	NCT01342796	0
201513	0	NCT01362517	0
201513	0	NCT01404962	0
201513	0	NCT01406509	0
201513	0	NCT01428908	0
201513	0	NCT01501526	0
201513	0	NCT01580033	0
201513	0	NCT01609101	0
201513	0	NCT01682005	0
201513	0	NCT01715610	0
201513	0	NCT01730391	0
201513	0	NCT01749033	0
201513	0	NCT01790477	0
201513	0	NCT01817907	0
201513	0	NCT01833676	0
201513	0	NCT01894763	0
201513	0	NCT01925222	0
201513	0	NCT02013570	0
201513	0	NCT02102399	0
201513	0	NCT02217111	0
201513	0	NCT02264353	0
201513	0	NCT02264392	0
201513	0	NCT02379130	0
201513	0	NCT02428478	0
201513	0	NCT02436031	0
201513	0	NCT02464527	0
201513	0	NCT02610868	0
201514	0	NCT00010387	0
201514	0	NCT00118794	0
201514	0	NCT00202371	0
201514	0	NCT00276224	0
201514	0	NCT00295516	0
201514	0	NCT00486863	0
201514	0	NCT00509600	0
201514	0	NCT00706667	0
201514	0	NCT00789490	0
201514	0	NCT00827463	1
201514	0	NCT00842621	0
201514	0	NCT00944684	0
201514	0	NCT01047098	0
201514	0	NCT01055431	0
201514	0	NCT01126905	0
201514	0	NCT01131624	0
201514	0	NCT01181154	0
201514	0	NCT01221844	1
201514	0	NCT01308112	2
201514	0	NCT01345708	0
201514	0	NCT01481766	0
201514	0	NCT01547793	0
201514	0	NCT01588665	2
201514	0	NCT01700426	0
201514	0	NCT01715038	1
201514	0	NCT01757119	0
201514	0	NCT01847352	0
201514	0	NCT01953822	0
201514	0	NCT01991314	0
201514	0	NCT02037724	0
201514	0	NCT02059759	0
201514	0	NCT02086838	0
201514	0	NCT02158195	0
201514	0	NCT02175888	0
201514	0	NCT02177851	0
201514	0	NCT02181348	0
201514	0	NCT02221752	0
201514	0	NCT02300155	0
201514	0	NCT02341300	2
201514	0	NCT02441439	0
201514	0	NCT02556099	0
201514	0	NCT02612558	0
201514	0	NCT02631668	0
201515	0	NCT00000499	2
201515	0	NCT00000556	0
201515	0	NCT00001368	0
201515	0	NCT00001965	1
201515	0	NCT00005123	0
201515	0	NCT00005133	0
201515	0	NCT00005230	0
201515	0	NCT00039832	1
201515	0	NCT00074880	0
201515	0	NCT00077805	0
201515	0	NCT00098072	0
201515	0	NCT00122811	0
201515	0	NCT00126035	0
201515	0	NCT00126516	0
201515	0	NCT00136773	0
201515	0	NCT00151229	0
201515	0	NCT00171561	0
201515	0	NCT00211705	0
201515	0	NCT00238706	0
201515	0	NCT00257309	0
201515	0	NCT00267839	0
201515	0	NCT00325793	2
201515	0	NCT00374270	1
201515	0	NCT00417898	0
201515	0	NCT00420160	0
201515	0	NCT00451113	0
201515	0	NCT00451620	1
201515	0	NCT00476619	0
201515	0	NCT00511914	0
201515	0	NCT00514735	0
201515	0	NCT00538122	0
201515	0	NCT00540527	1
201515	0	NCT00574821	0
201515	0	NCT00583401	0
201515	0	NCT00599118	0
201515	0	NCT00623350	2
201515	0	NCT00626041	2
201515	0	NCT00643773	2
201515	0	NCT00697151	2
201515	0	NCT00785057	0
201515	0	NCT00792220	1
201515	0	NCT00807976	1
201515	0	NCT00811265	0
201515	0	NCT00840671	1
201515	0	NCT00861133	2
201515	0	NCT00932425	2
201515	0	NCT00964769	0
201515	0	NCT00966199	0
201515	0	NCT00968786	0
201515	0	NCT01050049	0
201515	0	NCT01084239	0
201515	0	NCT01149447	2
201515	0	NCT01170559	0
201515	0	NCT01305226	0
201515	0	NCT01340963	0
201515	0	NCT01341483	0
201515	0	NCT01345097	0
201515	0	NCT01464671	0
201515	0	NCT01498146	2
201515	0	NCT01544036	0
201515	0	NCT01550588	1
201515	0	NCT01562613	0
201515	0	NCT01578200	0
201515	0	NCT01583855	0
201515	0	NCT01682096	1
201515	0	NCT01830517	2
201515	0	NCT01851902	1
201515	0	NCT01920295	0
201515	0	NCT02004509	0
201515	0	NCT02014896	0
201515	0	NCT02018497	1
201515	0	NCT02029456	0
201515	0	NCT02036450	1
201515	0	NCT02137187	0
201515	0	NCT02163200	0
201515	0	NCT02164357	2
201515	0	NCT02180542	0
201515	0	NCT02212496	0
201515	0	NCT02229812	0
201515	0	NCT02232022	0
201515	0	NCT02235389	0
201515	0	NCT02349269	0
201515	0	NCT02426073	0
201515	0	NCT02428140	2
201515	0	NCT02451631	0
201515	0	NCT02478294	0
201515	0	NCT02498964	0
201515	0	NCT02516033	0
201515	0	NCT02559232	0
201515	0	NCT02585076	0
201515	0	NCT02615587	0
201516	0	NCT00000577	2
201516	0	NCT00001716	0
201516	0	NCT00001845	0
201516	0	NCT00006318	0
201516	0	NCT00029510	2
201516	0	NCT00092885	0
201516	0	NCT00220753	0
201516	0	NCT00273962	0
201516	0	NCT00287378	1
201516	0	NCT00304304	0
201516	0	NCT00346398	0
201516	0	NCT00377663	0
201516	0	NCT00426634	0
201516	0	NCT00428753	2
201516	0	NCT00489346	0
201516	0	NCT00521040	2
201516	0	NCT00549120	0
201516	0	NCT00569361	0
201516	0	NCT00660322	0
201516	0	NCT00710450	0
201516	0	NCT00711399	2
201516	0	NCT00731575	2
201516	0	NCT00747981	0
201516	0	NCT00805324	0
201516	0	NCT00839124	1
201516	0	NCT00860418	0
201516	0	NCT00920621	0
201516	0	NCT00930826	1
201516	0	NCT01107262	0
201516	0	NCT01113489	0
201516	0	NCT01175434	0
201516	0	NCT01318954	0
201516	0	NCT01338311	0
201516	0	NCT01405963	0
201516	0	NCT01520688	0
201516	0	NCT01706198	0
201516	0	NCT01720069	0
201516	0	NCT01721291	0
201516	0	NCT01748162	0
201516	0	NCT01789866	0
201516	0	NCT01855659	0
201516	0	NCT01868113	0
201516	0	NCT01895478	0
201516	0	NCT01957293	0
201516	0	NCT01978288	0
201516	0	NCT01984086	0
201516	0	NCT02026531	0
201516	0	NCT02104505	0
201516	0	NCT02113436	0
201516	0	NCT02127866	0
201516	0	NCT02182713	0
201516	0	NCT02182856	0
201516	0	NCT02235428	2
201516	0	NCT02249286	0
201516	0	NCT02258308	0
201516	0	NCT02269761	2
201516	0	NCT02296411	0
201516	0	NCT02301975	0
201516	0	NCT02360072	2
201516	0	NCT02380495	0
201516	0	NCT02507635	2
201516	0	NCT02542254	0
201516	0	NCT02544035	2
201516	0	NCT02579720	0
201516	0	NCT02609893	0
201517	0	NCT00092521	1
201517	0	NCT00119509	0
201517	0	NCT00120848	0
201517	0	NCT00122681	0
201517	0	NCT00294047	0
201517	0	NCT00316693	0
201517	0	NCT00421486	0
201517	0	NCT00435214	1
201517	0	NCT00443313	1
201517	0	NCT00458562	2
201517	0	NCT00461760	1
201517	0	NCT00501189	0
201517	0	NCT00518336	1
201517	0	NCT00520117	0
201517	0	NCT00673192	1
201517	0	NCT00736216	1
201517	0	NCT00743626	2
201517	0	NCT00854269	1
201517	0	NCT00925288	0
201517	0	NCT01034358	0
201517	0	NCT01086709	0
201517	0	NCT01097356	0
201517	0	NCT01131312	0
201517	0	NCT01158209	2
201517	0	NCT01192282	0
201517	0	NCT01207999	0
201517	0	NCT01213459	2
201517	0	NCT01231945	2
201517	0	NCT01384370	2
201517	0	NCT01446198	1
201517	0	NCT01512784	0
201517	0	NCT01539668	1
201517	0	NCT01550783	0
201517	0	NCT01637298	0
201517	0	NCT01671462	2
201517	0	NCT01824537	0
201517	0	NCT01824992	1
201517	0	NCT01826045	0
201517	0	NCT01881659	0
201517	0	NCT01953094	0
201517	0	NCT02113514	1
201517	0	NCT02328872	1
201517	0	NCT02431520	0
201517	0	NCT02561208	0
201517	0	NCT02634190	0
201518	0	NCT00000560	1
201518	0	NCT00001628	0
201518	0	NCT00001629	0
201518	0	NCT00005485	2
201518	0	NCT00005499	0
201518	0	NCT00012818	2
201518	0	NCT00013026	2
201518	0	NCT00053534	0
201518	0	NCT00107367	0
201518	0	NCT00126516	0
201518	0	NCT00133328	2
201518	0	NCT00149227	0
201518	0	NCT00156728	1
201518	0	NCT00159614	0
201518	0	NCT00162565	2
201518	0	NCT00182065	0
201518	0	NCT00208806	1
201518	0	NCT00263302	1
201518	0	NCT00270374	2
201518	0	NCT00274807	0
201518	0	NCT00305526	1
201518	0	NCT00305617	0
201518	0	NCT00309764	2
201518	0	NCT00319384	1
201518	0	NCT00344513	2
201518	0	NCT00355667	1
201518	0	NCT00367978	0
201518	0	NCT00381030	0
201518	0	NCT00382746	1
201518	0	NCT00400517	0
201518	0	NCT00433043	1
201518	0	NCT00444301	1
201518	0	NCT00514826	0
201518	0	NCT00521820	0
201518	0	NCT00523757	1
201518	0	NCT00530426	2
201518	0	NCT00534066	2
201518	0	NCT00578565	0
201518	0	NCT00597077	1
201518	0	NCT00623571	0
201518	0	NCT00633633	0
201518	0	NCT00634712	0
201518	0	NCT00654264	1
201518	0	NCT00663377	0
201518	0	NCT00664339	1
201518	0	NCT00681200	0
201518	0	NCT00753142	0
201518	0	NCT00767195	0
201518	0	NCT00770107	0
201518	0	NCT00791843	0
201518	0	NCT00887666	2
201518	0	NCT00913653	1
201518	0	NCT00957541	1
201518	0	NCT00971386	1
201518	0	NCT01041924	1
201518	0	NCT01091961	0
201518	0	NCT01113840	1
201518	0	NCT01138683	2
201518	0	NCT01141907	2
201518	0	NCT01148719	1
201518	0	NCT01161693	0
201518	0	NCT01282749	0
201518	0	NCT01294111	0
201518	0	NCT01307722	2
201518	0	NCT01335022	2
201518	0	NCT01354912	0
201518	0	NCT01390935	1
201518	0	NCT01414439	1
201518	0	NCT01457053	2
201518	0	NCT01467973	2
201518	0	NCT01469897	0
201518	0	NCT01514825	0
201518	0	NCT01519115	0
201518	0	NCT01529463	2
201518	0	NCT01566890	0
201518	0	NCT01647932	1
201518	0	NCT01661712	0
201518	0	NCT01671995	2
201518	0	NCT01691118	0
201518	0	NCT01698242	1
201518	0	NCT01772108	1
201518	0	NCT01786837	0
201518	0	NCT01794728	2
201518	0	NCT01822808	1
201518	0	NCT01826513	0
201518	0	NCT01868880	0
201518	0	NCT01906957	2
201518	0	NCT01936909	0
201518	0	NCT01971944	1
201518	0	NCT01976091	0
201518	0	NCT01977404	2
201518	0	NCT02006251	0
201518	0	NCT02050425	0
201518	0	NCT02107495	1
201518	0	NCT02127866	0
201518	0	NCT02149940	0
201518	0	NCT02173028	0
201518	0	NCT02189577	0
201518	0	NCT02203383	2
201518	0	NCT02227927	0
201518	0	NCT02289508	2
201518	0	NCT02296411	0
201518	0	NCT02305095	1
201518	0	NCT02334891	2
201518	0	NCT02344342	1
201518	0	NCT02347722	2
201518	0	NCT02357667	0
201518	0	NCT02378571	2
201518	0	NCT02389933	1
201518	0	NCT02429388	1
201518	0	NCT02542488	0
201518	0	NCT02546856	1
201518	0	NCT02553200	0
201518	0	NCT02606253	1
201518	0	NCT02610426	0
201518	0	NCT02614417	0
201518	0	NCT02620384	2
201518	0	NCT02632656	2
201519	0	NCT00018408	1
201519	0	NCT00042705	0
201519	0	NCT00056264	2
201519	0	NCT00180635	0
201519	0	NCT00202176	1
201519	0	NCT00231127	1
201519	0	NCT00261105	0
201519	0	NCT00268866	2
201519	0	NCT00274222	1
201519	0	NCT00361959	1
201519	0	NCT00464932	2
201519	0	NCT00531791	1
201519	0	NCT00595114	0
201519	0	NCT00628225	2
201519	0	NCT00683722	1
201519	0	NCT00757120	0
201519	0	NCT00774176	1
201519	0	NCT00806091	2
201519	0	NCT00807469	1
201519	0	NCT00809757	0
201519	0	NCT00834145	0
201519	0	NCT00839189	0
201519	0	NCT00878475	2
201519	0	NCT00974064	0
201519	0	NCT00981851	1
201519	0	NCT01044628	0
201519	0	NCT01172925	0
201519	0	NCT01248507	2
201519	0	NCT01254032	0
201519	0	NCT01297790	0
201519	0	NCT01313494	0
201519	0	NCT01314807	0
201519	0	NCT01345266	0
201519	0	NCT01354613	0
201519	0	NCT01395875	1
201519	0	NCT01414322	0
201519	0	NCT01431911	0
201519	0	NCT01460082	2
201519	0	NCT01554774	2
201519	0	NCT01605864	0
201519	0	NCT01628497	0
201519	0	NCT01636401	0
201519	0	NCT01785706	2
201519	0	NCT01786720	1
201519	0	NCT01874223	0
201519	0	NCT01893476	2
201519	0	NCT01921127	1
201519	0	NCT01973647	0
201519	0	NCT02092675	0
201519	0	NCT02128529	0
201519	0	NCT02136875	1
201519	0	NCT02172378	0
201519	0	NCT02173691	0
201519	0	NCT02197871	0
201519	0	NCT02213809	1
201519	0	NCT02219360	2
201519	0	NCT02269761	1
201519	0	NCT02270424	1
201519	0	NCT02273830	0
201519	0	NCT02282436	2
201519	0	NCT02327897	0
201519	0	NCT02333812	0
201519	0	NCT02340702	0
201519	0	NCT02413359	0
201519	0	NCT02487394	0
201519	0	NCT02490358	0
201519	0	NCT02534766	0
201519	0	NCT02586493	0
201519	0	NCT02587351	2
201519	0	NCT02600039	0
201519	0	NCT02603393	1
20152	0	NCT00000665	0
20152	0	NCT00000673	0
20152	0	NCT00000726	0
20152	0	NCT00000970	0
20152	0	NCT00000981	0
20152	0	NCT00001471	1
20152	0	NCT00001890	0
20152	0	NCT00002025	0
20152	0	NCT00002275	0
20152	0	NCT00005547	0
20152	0	NCT00005572	2
20152	0	NCT00034437	1
20152	0	NCT00077909	2
20152	0	NCT00159055	1
20152	0	NCT00225394	1
20152	0	NCT00241345	0
20152	0	NCT00411645	0
20152	0	NCT00442975	1
20152	0	NCT00471250	2
20152	0	NCT00495963	0
20152	0	NCT00497796	0
20152	0	NCT00547235	0
20152	0	NCT00662012	0
20152	0	NCT00674648	0
20152	0	NCT00699868	1
20152	0	NCT00766415	0
20152	0	NCT00817908	2
20152	0	NCT00838552	0
20152	0	NCT00907686	0
20152	0	NCT00954200	0
20152	0	NCT01088243	0
20152	0	NCT01128907	0
20152	0	NCT01220895	0
20152	0	NCT01251744	0
20152	0	NCT01259141	0
20152	0	NCT01292213	0
20152	0	NCT01301131	0
20152	0	NCT01376778	0
20152	0	NCT01395498	2
20152	0	NCT01587807	0
20152	0	NCT01646645	1
20152	0	NCT01810731	0
20152	0	NCT01818726	0
20152	0	NCT01833416	0
20152	0	NCT01862159	0
20152	0	NCT01903928	0
20152	0	NCT01945619	0
20152	0	NCT02025335	1
20152	0	NCT02081716	1
20152	0	NCT02083042	0
20152	0	NCT02136797	1
20152	0	NCT02152358	0
20152	0	NCT02154880	0
20152	0	NCT02156479	0
20152	0	NCT02328963	0
20152	0	NCT02370758	0
20152	0	NCT02406729	0
20152	0	NCT02474901	0
20152	0	NCT02496494	0
20152	0	NCT02509091	0
20152	0	NCT02527291	0
20152	0	NCT02532452	1
20152	0	NCT02622009	0
20152	0	NCT02630537	0
201520	0	NCT00133965	0
201520	0	NCT00150774	0
201520	0	NCT00182832	2
201520	0	NCT00183092	1
201520	0	NCT00246896	2
201520	0	NCT00327782	0
201520	0	NCT00368940	0
201520	0	NCT00391833	2
201520	0	NCT00397891	1
201520	0	NCT00416169	1
201520	0	NCT00450047	2
201520	0	NCT00459784	0
201520	0	NCT00479271	0
201520	0	NCT00646269	1
201520	0	NCT00745056	0
201520	0	NCT00866099	0
201520	0	NCT00880347	1
201520	0	NCT00996918	1
201520	0	NCT01113749	1
201520	0	NCT01238991	1
201520	0	NCT01245621	0
201520	0	NCT01314638	2
201520	0	NCT01329484	1
201520	0	NCT01345110	0
201520	0	NCT01350349	0
201520	0	NCT01357564	0
201520	0	NCT01532739	0
201520	0	NCT01565642	0
201520	0	NCT01652222	2
201520	0	NCT01796314	2
201520	0	NCT01933789	0
201520	0	NCT02055092	0
201520	0	NCT02066441	0
201520	0	NCT02086305	0
201520	0	NCT02174094	0
201520	0	NCT02187809	0
201520	0	NCT02236416	0
201520	0	NCT02271750	0
201520	0	NCT02387281	0
201520	0	NCT02397980	0
201520	0	NCT02432222	2
201520	0	NCT02441829	0
201520	0	NCT02505035	0
201520	0	NCT02518243	0
201520	0	NCT02519504	0
201520	0	NCT02521558	1
201520	0	NCT02549872	0
201521	0	NCT00001081	0
201521	0	NCT00002006	0
201521	0	NCT00002007	0
201521	0	NCT00002191	0
201521	0	NCT00002248	0
201521	0	NCT00002444	0
201521	0	NCT00058942	0
201521	0	NCT00153517	0
201521	0	NCT00207675	0
201521	0	NCT00304135	0
201521	0	NCT00338910	0
201521	0	NCT00367627	0
201521	0	NCT00507871	0
201521	0	NCT00526188	0
201521	0	NCT00545181	0
201521	0	NCT00564863	0
201521	0	NCT00624975	0
201521	0	NCT00662675	0
201521	0	NCT00741637	0
201521	0	NCT00741845	0
201521	0	NCT00755053	0
201521	0	NCT00798291	0
201521	0	NCT00902512	0
201521	0	NCT00950404	0
201521	0	NCT01138826	0
201521	0	NCT01142089	0
201521	0	NCT01172444	0
201521	0	NCT01177293	0
201521	0	NCT01226134	0
201521	0	NCT01233362	0
201521	0	NCT01255670	0
201521	0	NCT01329458	0
201521	0	NCT01427712	0
201521	0	NCT01534247	0
201521	0	NCT01559545	1
201521	0	NCT01590095	0
201521	0	NCT01646411	2
201521	0	NCT01704105	0
201521	0	NCT01729260	0
201521	0	NCT01738607	0
201521	0	NCT01745731	0
201521	0	NCT01762852	0
201521	0	NCT01780909	0
201521	0	NCT01792453	0
201521	0	NCT01813071	0
201521	0	NCT01837862	0
201521	0	NCT01840891	0
201521	0	NCT01938183	0
201521	0	NCT01959048	1
201521	0	NCT01973465	1
201521	0	NCT02032043	0
201521	0	NCT02054455	0
201521	0	NCT02105714	2
201521	0	NCT02175901	0
201521	0	NCT02203890	0
201521	0	NCT02234570	0
201521	0	NCT02295254	0
201521	0	NCT02340481	1
201521	0	NCT02362932	0
201521	0	NCT02394821	0
201521	0	NCT02428647	0
201521	0	NCT02498418	2
201521	0	NCT02521155	0
201521	0	NCT02530762	0
201521	0	NCT02551289	0
201521	0	NCT02604576	0
201521	0	NCT02609529	0
201521	0	NCT02625129	0
201522	0	NCT00001646	2
201522	0	NCT00023452	0
201522	0	NCT00059878	1
201522	0	NCT00158730	0
201522	0	NCT00163722	0
201522	0	NCT00202852	0
201522	0	NCT00251641	0
201522	0	NCT00263315	0
201522	0	NCT00280202	0
201522	0	NCT00334412	2
201522	0	NCT00361517	0
201522	0	NCT00391014	0
201522	0	NCT00521924	0
201522	0	NCT00528190	0
201522	0	NCT00732875	0
201522	0	NCT00827996	0
201522	0	NCT00838643	0
201522	0	NCT00856427	0
201522	0	NCT00906568	0
201522	0	NCT00923832	1
201522	0	NCT00933790	0
201522	0	NCT00974766	1
201522	0	NCT01117077	0
201522	0	NCT01128907	2
201522	0	NCT01144143	0
201522	0	NCT01176071	2
201522	0	NCT01178177	0
201522	0	NCT01207128	2
201522	0	NCT01222273	0
201522	0	NCT01247142	1
201522	0	NCT01254708	0
201522	0	NCT01259336	0
201522	0	NCT01264055	0
201522	0	NCT01422798	0
201522	0	NCT01430663	1
201522	0	NCT01448226	2
201522	0	NCT01501227	0
201522	0	NCT01511315	0
201522	0	NCT01533636	0
201522	0	NCT01558310	0
201522	0	NCT01576315	0
201522	0	NCT01615809	0
201522	0	NCT01698476	0
201522	0	NCT01742026	0
201522	0	NCT01807260	0
201522	0	NCT01866020	2
201522	0	NCT01887457	1
201522	0	NCT01952470	0
201522	0	NCT01999231	0
201522	0	NCT02101255	0
201522	0	NCT02119507	0
201522	0	NCT02169570	0
201522	0	NCT02232945	0
201522	0	NCT02234739	0
201522	0	NCT02264444	0
201522	0	NCT02297633	0
201522	0	NCT02332122	0
201522	0	NCT02371681	0
201522	0	NCT02534727	1
201522	0	NCT02550041	0
201523	0	NCT00032656	2
201523	0	NCT00084240	1
201523	0	NCT00089908	0
201523	0	NCT00254826	0
201523	0	NCT00272519	0
201523	0	NCT00290147	0
201523	0	NCT00458120	0
201523	0	NCT00465010	0
201523	0	NCT00473135	0
201523	0	NCT00498654	0
201523	0	NCT00617344	0
201523	0	NCT00619255	0
201523	0	NCT00629356	2
201523	0	NCT00788151	0
201523	0	NCT00842530	0
201523	0	NCT00942929	0
201523	0	NCT00951821	0
201523	0	NCT00963235	0
201523	0	NCT00981630	0
201523	0	NCT00992693	0
201523	0	NCT01110551	0
201523	0	NCT01229176	0
201523	0	NCT01436396	0
201523	0	NCT01489358	0
201523	0	NCT01502358	0
201523	0	NCT01577979	0
201523	0	NCT01646398	0
201523	0	NCT01856205	0
201523	0	NCT01983553	0
201523	0	NCT02091596	0
201523	0	NCT02114190	0
201523	0	NCT02134652	0
201523	0	NCT02281123	0
201523	0	NCT02334514	1
201523	0	NCT02510638	0
201523	0	NCT02570152	0
201523	0	NCT02608047	1
201523	0	NCT02623725	0
201524	0	NCT00002292	0
201524	0	NCT00011336	0
201524	0	NCT00042588	2
201524	0	NCT00062270	0
201524	0	NCT00118651	2
201524	0	NCT00118781	0
201524	0	NCT00132951	1
201524	0	NCT00157612	2
201524	0	NCT00207584	0
201524	0	NCT00220753	0
201524	0	NCT00271531	0
201524	0	NCT00312741	2
201524	0	NCT00390819	2
201524	0	NCT00396578	0
201524	0	NCT00448045	0
201524	0	NCT00455468	0
201524	0	NCT00467701	1
201524	0	NCT00530270	0
201524	0	NCT00540072	1
201524	0	NCT00588627	0
201524	0	NCT00702871	0
201524	0	NCT00711399	2
201524	0	NCT00714402	1
201524	0	NCT00724828	0
201524	0	NCT00851487	0
201524	0	NCT00858624	0
201524	0	NCT00867841	2
201524	0	NCT00873522	2
201524	0	NCT00920270	1
201524	0	NCT00929721	0
201524	0	NCT00977366	0
201524	0	NCT01017081	0
201524	0	NCT01071421	2
201524	0	NCT01075204	2
201524	0	NCT01118403	0
201524	0	NCT01192789	0
201524	0	NCT01280461	1
201524	0	NCT01319955	0
201524	0	NCT01336543	0
201524	0	NCT01443793	0
201524	0	NCT01452945	0
201524	0	NCT01485237	0
201524	0	NCT01553734	1
201524	0	NCT01554657	0
201524	0	NCT01561794	0
201524	0	NCT01570192	2
201524	0	NCT01621685	0
201524	0	NCT01631916	0
201524	0	NCT01661920	1
201524	0	NCT01662258	1
201524	0	NCT01704040	0
201524	0	NCT01707485	0
201524	0	NCT01763008	0
201524	0	NCT01800942	0
201524	0	NCT01952470	0
201524	0	NCT01997047	0
201524	0	NCT02058602	0
201524	0	NCT02074033	0
201524	0	NCT02107001	0
201524	0	NCT02139384	0
201524	0	NCT02141009	0
201524	0	NCT02244723	0
201524	0	NCT02258763	0
201524	0	NCT02264756	2
201524	0	NCT02276092	2
201524	0	NCT02303600	0
201524	0	NCT02352545	0
201524	0	NCT02372461	0
201524	0	NCT02447731	0
201524	0	NCT02458300	0
201524	0	NCT02467192	0
201524	0	NCT02489578	2
201524	0	NCT02492425	2
201524	0	NCT02559310	1
201524	0	NCT02591550	0
201524	0	NCT02591563	0
201525	0	NCT00002466	1
201525	0	NCT00003023	1
201525	0	NCT00005033	0
201525	0	NCT00020267	0
201525	0	NCT00030108	1
201525	0	NCT00313365	1
201525	0	NCT00328939	0
201525	0	NCT00519922	0
201525	0	NCT00627770	0
201525	0	NCT00658060	0
201525	0	NCT00733330	0
201525	0	NCT00743496	0
201525	0	NCT00857701	0
201525	0	NCT00923598	0
201525	0	NCT00978471	0
201525	0	NCT00995306	0
201525	0	NCT01030211	0
201525	0	NCT01048541	0
201525	0	NCT01062438	0
201525	0	NCT01094808	0
201525	0	NCT01145157	0
201525	0	NCT01170546	0
201525	0	NCT01193803	0
201525	0	NCT01214265	0
201525	0	NCT01258634	1
201525	0	NCT01293955	0
201525	0	NCT01306994	0
201525	0	NCT01380665	0
201525	0	NCT01482624	0
201525	0	NCT01499784	0
201525	0	NCT01625689	0
201525	0	NCT01786109	0
201525	0	NCT01807052	0
201525	0	NCT01807143	0
201525	0	NCT01953900	0
201525	0	NCT02011477	0
201525	0	NCT02018952	0
201525	0	NCT02067078	0
201525	0	NCT02104050	0
201525	0	NCT02107963	1
201525	0	NCT02196298	0
201525	0	NCT02331628	0
201525	0	NCT02345564	0
201525	0	NCT02374008	0
201525	0	NCT02405104	0
201525	0	NCT02438709	0
201525	0	NCT02487979	1
201525	0	NCT02496299	0
201525	0	NCT02502786	0
201525	0	NCT02508584	0
201525	0	NCT02530229	0
201525	0	NCT02533895	1
201526	0	NCT00194272	1
201526	0	NCT00260091	0
201526	0	NCT00480142	0
201526	0	NCT00544310	0
201526	0	NCT00607659	0
201526	0	NCT00827970	0
201526	0	NCT00865488	0
201526	0	NCT00992927	0
201526	0	NCT00997932	0
201526	0	NCT01041105	1
201526	0	NCT01063959	0
201526	0	NCT01175161	0
201526	0	NCT01207609	0
201526	0	NCT01261026	1
201526	0	NCT01269125	0
201526	0	NCT01289262	0
201526	0	NCT01322958	0
201526	0	NCT01334762	0
201526	0	NCT01336777	0
201526	0	NCT01431352	0
201526	0	NCT01512940	0
201526	0	NCT01559415	0
201526	0	NCT01577017	0
201526	0	NCT01589016	2
201526	0	NCT01601964	2
201526	0	NCT01860690	2
201526	0	NCT01870713	0
201526	0	NCT02152696	1
201526	0	NCT02169856	0
201526	0	NCT02211612	1
201526	0	NCT02264444	0
201526	0	NCT02348541	0
201526	0	NCT02363569	0
201526	0	NCT02381184	0
201526	0	NCT02445092	0
201526	0	NCT02475590	0
201526	0	NCT02532361	0
201526	0	NCT02551367	0
201527	0	NCT00131716	0
201527	0	NCT00166231	2
201527	0	NCT00239616	0
201527	0	NCT00399074	0
201527	0	NCT00414479	0
201527	0	NCT00439595	1
201527	0	NCT00440804	1
201527	0	NCT00473837	0
201527	0	NCT00842621	0
201527	0	NCT00893438	1
201527	0	NCT00944684	0
201527	0	NCT00971984	0
201527	0	NCT01019902	0
201527	0	NCT01040923	0
201527	0	NCT01050361	0
201527	0	NCT01110356	0
201527	0	NCT01134432	0
201527	0	NCT01159834	0
201527	0	NCT01181154	0
201527	0	NCT01204411	0
201527	0	NCT01345708	0
201527	0	NCT01356992	0
201527	0	NCT01428154	0
201527	0	NCT01521871	0
201527	0	NCT01594359	1
201527	0	NCT01665261	0
201527	0	NCT01756287	0
201527	0	NCT01835210	0
201527	0	NCT01878734	0
201527	0	NCT01960413	0
201527	0	NCT01985243	0
201527	0	NCT02065596	0
201527	0	NCT02105480	0
201527	0	NCT02158195	0
201527	0	NCT02222805	0
201527	0	NCT02276690	0
201527	0	NCT02389231	0
201527	0	NCT02471209	1
201527	0	NCT02512341	2
201527	0	NCT02583126	0
201527	0	NCT02590393	0
201527	0	NCT02612558	1
201527	0	NCT02626663	1
201528	0	NCT00000432	0
201528	0	NCT00000937	0
201528	0	NCT00000938	0
201528	0	NCT00001539	0
201528	0	NCT00132327	0
201528	0	NCT00138801	0
201528	0	NCT00503529	0
201528	0	NCT00594997	0
201528	0	NCT00910533	0
201528	0	NCT00910715	0
201528	0	NCT00942006	0
201528	0	NCT00977106	0
201528	0	NCT00992693	0
201528	0	NCT01013636	0
201528	0	NCT01031537	0
201528	0	NCT01635530	1
201528	0	NCT01862822	0
201528	0	NCT01954940	0
201528	0	NCT02361580	0
201528	0	NCT02421523	0
201528	0	NCT02463942	0
201528	0	NCT02474355	0
201528	0	NCT02536560	0
201528	0	NCT02613585	0
201529	0	NCT00000520	2
201529	0	NCT00044239	0
201529	0	NCT00095368	0
201529	0	NCT00100126	0
201529	0	NCT00170521	0
201529	0	NCT00242281	0
201529	0	NCT00299663	1
201529	0	NCT00315042	0
201529	0	NCT00315549	0
201529	0	NCT00535093	0
201529	0	NCT00788151	0
201529	0	NCT01039259	0
201529	0	NCT01064947	0
201529	0	NCT01182532	0
201529	0	NCT01281969	0
201529	0	NCT01514552	0
201529	0	NCT02010294	1
201529	0	NCT02114099	0
201529	0	NCT02359643	2
201529	0	NCT02457403	0
20153	0	NCT00035971	0
20153	0	NCT00043927	0
20153	0	NCT00045760	0
20153	0	NCT00154895	0
20153	0	NCT00182143	1
20153	0	NCT00182364	0
20153	0	NCT00187408	0
20153	0	NCT00188032	2
20153	0	NCT00219921	0
20153	0	NCT00225108	0
20153	0	NCT00264901	0
20153	0	NCT00302601	0
20153	0	NCT00311753	0
20153	0	NCT00314548	0
20153	0	NCT00358735	0
20153	0	NCT00361959	1
20153	0	NCT00378027	1
20153	0	NCT00413374	1
20153	0	NCT00413504	0
20153	0	NCT00421538	0
20153	0	NCT00425542	1
20153	0	NCT00451412	0
20153	0	NCT00462241	0
20153	0	NCT00539487	0
20153	0	NCT00643370	0
20153	0	NCT00700739	1
20153	0	NCT00707811	1
20153	0	NCT00720915	2
20153	0	NCT00740883	0
20153	0	NCT00823563	0
20153	0	NCT00873587	0
20153	0	NCT00878475	0
20153	0	NCT00954395	0
20153	0	NCT00957021	0
20153	0	NCT00967304	2
20153	0	NCT01014156	0
20153	0	NCT01084239	0
20153	0	NCT01096927	0
20153	0	NCT01097928	2
20153	0	NCT01112436	0
20153	0	NCT01117610	0
20153	0	NCT01133002	2
20153	0	NCT01139632	1
20153	0	NCT01164046	0
20153	0	NCT01169389	0
20153	0	NCT01214954	1
20153	0	NCT01230931	0
20153	0	NCT01240044	0
20153	0	NCT01242150	0
20153	0	NCT01245283	1
20153	0	NCT01274637	0
20153	0	NCT01274871	0
20153	0	NCT01285648	0
20153	0	NCT01291979	0
20153	0	NCT01298531	0
20153	0	NCT01304108	0
20153	0	NCT01308385	0
20153	0	NCT01312077	0
20153	0	NCT01312376	1
20153	0	NCT01313676	0
20153	0	NCT01319682	0
20153	0	NCT01326507	2
20153	0	NCT01355965	0
20153	0	NCT01499784	0
20153	0	NCT01531829	1
20153	0	NCT01535248	0
20153	0	NCT01546857	0
20153	0	NCT01599403	0
20153	0	NCT01604538	1
20153	0	NCT01608360	0
20153	0	NCT01608373	0
20153	0	NCT01633671	0
20153	0	NCT01635257	2
20153	0	NCT01660594	0
20153	0	NCT01721837	0
20153	0	NCT01724996	0
20153	0	NCT01743313	1
20153	0	NCT01787773	2
20153	0	NCT01803022	0
20153	0	NCT01817257	0
20153	0	NCT01849614	0
20153	0	NCT01871194	0
20153	0	NCT01898637	1
20153	0	NCT01935141	2
20153	0	NCT01959529	0
20153	0	NCT01992224	0
20153	0	NCT02008370	0
20153	0	NCT02015858	1
20153	0	NCT02134652	0
20153	0	NCT02204514	0
20153	0	NCT02230865	0
20153	0	NCT02235558	0
20153	0	NCT02248610	2
20153	0	NCT02258958	0
20153	0	NCT02271399	0
20153	0	NCT02289937	0
20153	0	NCT02334007	0
20153	0	NCT02355548	1
20153	0	NCT02356120	2
20153	0	NCT02375919	2
20153	0	NCT02386696	0
20153	0	NCT02402881	1
20153	0	NCT02408263	0
20153	0	NCT02427516	1
20153	0	NCT02437942	0
20153	0	NCT02440529	0
20153	0	NCT02446587	0
20153	0	NCT02458729	1
20153	0	NCT02476721	0
20153	0	NCT02507180	0
20153	0	NCT02531542	1
20153	0	NCT02532075	0
20153	0	NCT02546817	2
20153	0	NCT02553733	0
20153	0	NCT02558465	2
20153	0	NCT02596555	2
20153	0	NCT02601846	1
20153	0	NCT02604550	0
201530	0	NCT00214968	0
201530	0	NCT00251160	1
201530	0	NCT00251264	0
201530	0	NCT00358761	0
201530	0	NCT00398242	1
201530	0	NCT00398268	1
201530	0	NCT00492154	0
201530	0	NCT00533234	0
201530	0	NCT00551668	0
201530	0	NCT00586365	0
201530	0	NCT00707018	0
201530	0	NCT00710840	0
201530	0	NCT00849927	0
201530	0	NCT00891566	0
201530	0	NCT01032356	0
201530	0	NCT01038219	0
201530	0	NCT01062997	1
201530	0	NCT01110304	0
201530	0	NCT01143558	0
201530	0	NCT01296750	0
201530	0	NCT01355172	0
201530	0	NCT01434368	0
201530	0	NCT01562535	0
201530	0	NCT01577277	0
201530	0	NCT01589627	0
201530	0	NCT01744314	1
201530	0	NCT01762605	0
201530	0	NCT01773161	0
201530	0	NCT01773772	0
201530	0	NCT01934231	0
201530	0	NCT02079467	0
201530	0	NCT02085928	0
201530	0	NCT02154620	0
201530	0	NCT02290652	0
201530	0	NCT02357914	0
201530	0	NCT02463630	0
201530	0	NCT02475980	0
20154	0	NCT00081731	0
20154	0	NCT00171236	0
20154	0	NCT00241631	0
20154	0	NCT00292916	0
20154	0	NCT00321009	0
20154	0	NCT00350766	0
20154	0	NCT00388869	0
20154	0	NCT00407745	0
20154	0	NCT00417638	0
20154	0	NCT00449488	0
20154	0	NCT00450047	1
20154	0	NCT00485953	0
20154	0	NCT00497328	0
20154	0	NCT00557531	0
20154	0	NCT00561431	1
20154	0	NCT00683813	2
20154	0	NCT00701818	0
20154	0	NCT00704535	0
20154	0	NCT00711984	0
20154	0	NCT00756756	0
20154	0	NCT00774917	0
20154	0	NCT00804726	0
20154	0	NCT00808652	0
20154	0	NCT00843986	0
20154	0	NCT00844987	2
20154	0	NCT00909389	0
20154	0	NCT00919373	0
20154	0	NCT00964769	0
20154	0	NCT00990262	0
20154	0	NCT01004289	0
20154	0	NCT01032135	0
20154	0	NCT01050361	0
20154	0	NCT01070966	0
20154	0	NCT01076855	1
20154	0	NCT01084239	0
20154	0	NCT01086280	0
20154	0	NCT01091415	0
20154	0	NCT01107743	1
20154	0	NCT01115933	0
20154	0	NCT01128933	0
20154	0	NCT01172184	0
20154	0	NCT01173666	0
20154	0	NCT01205776	0
20154	0	NCT01206231	1
20154	0	NCT01208714	0
20154	0	NCT01210469	0
20154	0	NCT01243255	1
20154	0	NCT01251497	0
20154	0	NCT01253486	0
20154	0	NCT01288560	0
20154	0	NCT01310309	0
20154	0	NCT01369797	0
20154	0	NCT01399736	0
20154	0	NCT01403714	0
20154	0	NCT01408693	0
20154	0	NCT01458405	0
20154	0	NCT01482130	0
20154	0	NCT01604655	0
20154	0	NCT01653587	0
20154	0	NCT01673373	1
20154	0	NCT01701453	2
20154	0	NCT01724567	1
20154	0	NCT01784237	0
20154	0	NCT01818960	0
20154	0	NCT01858194	0
20154	0	NCT01917149	0
20154	0	NCT01923740	0
20154	0	NCT01960933	0
20154	0	NCT01971411	0
20154	0	NCT02008630	1
20154	0	NCT02012478	0
20154	0	NCT02071602	0
20154	0	NCT02072421	0
20154	0	NCT02109419	1
20154	0	NCT02117609	0
20154	0	NCT02196116	1
20154	0	NCT02222181	0
20154	0	NCT02269761	0
20154	0	NCT02356510	0
20154	0	NCT02385487	0
20154	0	NCT02412176	1
20154	0	NCT02424097	0
20154	0	NCT02458144	0
20154	0	NCT02487264	0
20154	0	NCT02590653	0
20154	0	NCT02594410	0
20155	0	NCT00001359	0
20155	0	NCT00023205	0
20155	0	NCT00094900	0
20155	0	NCT00106535	0
20155	0	NCT00170521	0
20155	0	NCT00205985	0
20155	0	NCT00264771	0
20155	0	NCT00303186	0
20155	0	NCT00339157	0
20155	0	NCT00342199	0
20155	0	NCT00420238	0
20155	0	NCT00422227	0
20155	0	NCT00534495	0
20155	0	NCT00793403	0
20155	0	NCT00847236	0
20155	0	NCT00977106	0
20155	0	NCT00982332	0
20155	0	NCT01058161	0
20155	0	NCT01083563	0
20155	0	NCT01103635	0
20155	0	NCT01169597	0
20155	0	NCT01258738	0
20155	0	NCT01273519	0
20155	0	NCT01285310	0
20155	0	NCT01294696	0
20155	0	NCT01298531	0
20155	0	NCT01314573	0
20155	0	NCT01345097	0
20155	0	NCT01396317	0
20155	0	NCT01423591	0
20155	0	NCT01454492	0
20155	0	NCT01456585	0
20155	0	NCT01459952	0
20155	0	NCT01550068	0
20155	0	NCT01557322	0
20155	0	NCT01712542	0
20155	0	NCT01748084	0
20155	0	NCT01782469	0
20155	0	NCT01821040	0
20155	0	NCT01859130	0
20155	0	NCT01886846	2
20155	0	NCT01900418	0
20155	0	NCT01920373	0
20155	0	NCT02111057	0
20155	0	NCT02118818	1
20155	0	NCT02129621	0
20155	0	NCT02162186	0
20155	0	NCT02188862	1
20155	0	NCT02218580	0
20155	0	NCT02241148	0
20155	0	NCT02353663	0
20155	0	NCT02407106	1
20155	0	NCT02498808	0
20155	0	NCT02513953	0
20155	0	NCT02564237	0
20155	0	NCT02588443	0
20155	0	NCT02592434	0
20155	0	NCT02609672	0
20155	0	NCT02627768	0
20156	0	NCT00000506	0
20156	0	NCT00027768	0
20156	0	NCT00085293	0
20156	0	NCT00115895	0
20156	0	NCT00145366	2
20156	0	NCT00150111	2
20156	0	NCT00150124	1
20156	0	NCT00150137	1
20156	0	NCT00259259	0
20156	0	NCT00306709	0
20156	0	NCT00348413	1
20156	0	NCT00383357	0
20156	0	NCT00400465	0
20156	0	NCT00428597	0
20156	0	NCT00432146	2
20156	0	NCT00437931	1
20156	0	NCT00439478	0
20156	0	NCT00464035	0
20156	0	NCT00471458	0
20156	0	NCT00486954	0
20156	0	NCT00488072	0
20156	0	NCT00505011	1
20156	0	NCT00588432	2
20156	0	NCT00593047	0
20156	0	NCT00625001	0
20156	0	NCT00677469	2
20156	0	NCT00739362	0
20156	0	NCT00794079	0
20156	0	NCT00796913	1
20156	0	NCT00822289	1
20156	0	NCT00878384	0
20156	0	NCT00946296	1
20156	0	NCT00946894	0
20156	0	NCT01083550	0
20156	0	NCT01163565	2
20156	0	NCT01182285	0
20156	0	NCT01182584	2
20156	0	NCT01204359	2
20156	0	NCT01227499	2
20156	0	NCT01247077	2
20156	0	NCT01274000	0
20156	0	NCT01297868	0
20156	0	NCT01307644	0
20156	0	NCT01320813	1
20156	0	NCT01379196	1
20156	0	NCT01436994	0
20156	0	NCT01528904	0
20156	0	NCT01534897	0
20156	0	NCT01566929	0
20156	0	NCT01579344	0
20156	0	NCT01611896	2
20156	0	NCT01692574	0
20156	0	NCT01717352	1
20156	0	NCT01744769	0
20156	0	NCT01779817	0
20156	0	NCT01789541	0
20156	0	NCT01834859	0
20156	0	NCT01865838	1
20156	0	NCT01872013	0
20156	0	NCT01885533	1
20156	0	NCT01902602	0
20156	0	NCT01913743	1
20156	0	NCT01945125	0
20156	0	NCT02005250	2
20156	0	NCT02030249	0
20156	0	NCT02068885	0
20156	0	NCT02086799	0
20156	0	NCT02103491	0
20156	0	NCT02107794	2
20156	0	NCT02162524	0
20156	0	NCT02172625	0
20156	0	NCT02190214	0
20156	0	NCT02194920	1
20156	0	NCT02203682	2
20156	0	NCT02205801	1
20156	0	NCT02210741	2
20156	0	NCT02373995	2
20156	0	NCT02375451	2
20156	0	NCT02378298	0
20156	0	NCT02390765	0
20156	0	NCT02393690	0
20156	0	NCT02418247	0
20156	0	NCT02513628	0
20156	0	NCT02620085	1
20157	0	NCT00010517	2
20157	0	NCT00026832	2
20157	0	NCT00036309	1
20157	0	NCT00046241	1
20157	0	NCT00047944	2
20157	0	NCT00129467	0
20157	0	NCT00145951	0
20157	0	NCT00149643	0
20157	0	NCT00166296	0
20157	0	NCT00179244	0
20157	0	NCT00188942	1
20157	0	NCT00215176	1
20157	0	NCT00264901	0
20157	0	NCT00290914	2
20157	0	NCT00296699	2
20157	0	NCT00360451	2
20157	0	NCT00379353	0
20157	0	NCT00380419	0
20157	0	NCT00400088	1
20157	0	NCT00488072	0
20157	0	NCT00492011	0
20157	0	NCT00516269	0
20157	0	NCT00564564	0
20157	0	NCT00610506	0
20157	0	NCT00617045	0
20157	0	NCT00632229	0
20157	0	NCT00641940	0
20157	0	NCT00759122	1
20157	0	NCT00767624	0
20157	0	NCT00772005	0
20157	0	NCT00814307	0
20157	0	NCT00851006	0
20157	0	NCT00854919	0
20157	0	NCT00855725	0
20157	0	NCT00861978	2
20157	0	NCT00915707	0
20157	0	NCT00939718	2
20157	0	NCT00946413	0
20157	0	NCT00955604	0
20157	0	NCT00963196	2
20157	0	NCT00965341	0
20157	0	NCT00971217	0
20157	0	NCT01024114	0
20157	0	NCT01029262	0
20157	0	NCT01030107	0
20157	0	NCT01055665	0
20157	0	NCT01074047	0
20157	0	NCT01077596	0
20157	0	NCT01093339	0
20157	0	NCT01117532	1
20157	0	NCT01128764	0
20157	0	NCT01145313	0
20157	0	NCT01191580	0
20157	0	NCT01220635	0
20157	0	NCT01256099	0
20157	0	NCT01284218	0
20157	0	NCT01334788	0
20157	0	NCT01371383	2
20157	0	NCT01375114	0
20157	0	NCT01379027	1
20157	0	NCT01426997	0
20157	0	NCT01469663	1
20157	0	NCT01477931	1
20157	0	NCT01496248	1
20157	0	NCT01496586	0
20157	0	NCT01510886	0
20157	0	NCT01533285	0
20157	0	NCT01550913	0
20157	0	NCT01579942	2
20157	0	NCT01583400	0
20157	0	NCT01632319	1
20157	0	NCT01656577	0
20157	0	NCT01663844	0
20157	0	NCT01665781	0
20157	0	NCT01682785	2
20157	0	NCT01725048	0
20157	0	NCT01743716	0
20157	0	NCT01799551	2
20157	0	NCT01808404	0
20157	0	NCT01862913	0
20157	0	NCT01896349	0
20157	0	NCT01948167	0
20157	0	NCT02021344	2
20157	0	NCT02023567	2
20157	0	NCT02038192	0
20157	0	NCT02082002	0
20157	0	NCT02088593	0
20157	0	NCT02092974	0
20157	0	NCT02099305	0
20157	0	NCT02112058	0
20157	0	NCT02116361	2
20157	0	NCT02185612	0
20157	0	NCT02204176	0
20157	0	NCT02296437	1
20157	0	NCT02358109	0
20157	0	NCT02409823	0
20157	0	NCT02410616	2
20157	0	NCT02473783	1
20157	0	NCT02521012	2
20157	0	NCT02549547	1
20157	0	NCT02593643	1
20157	0	NCT02614443	2
20157	0	NCT02633449	2
20158	0	NCT00006323	0
20158	0	NCT00156442	0
20158	0	NCT00224731	0
20158	0	NCT00233194	1
20158	0	NCT00300872	0
20158	0	NCT00358527	0
20158	0	NCT00393913	1
20158	0	NCT00462254	0
20158	0	NCT00494468	1
20158	0	NCT00623246	1
20158	0	NCT00691080	0
20158	0	NCT00772005	0
20158	0	NCT00787397	0
20158	0	NCT00832026	0
20158	0	NCT00859690	0
20158	0	NCT00881985	0
20158	0	NCT00927030	0
20158	0	NCT01102998	0
20158	0	NCT01269073	0
20158	0	NCT01301989	0
20158	0	NCT01335594	1
20158	0	NCT01525160	0
20158	0	NCT01554527	1
20158	0	NCT01613131	0
20158	0	NCT01661712	0
20158	0	NCT01775241	0
20158	0	NCT01820156	0
20158	0	NCT02012868	0
20158	0	NCT02034175	0
20158	0	NCT02053012	1
20158	0	NCT02073305	0
20158	0	NCT02255721	0
20158	0	NCT02371057	0
20158	0	NCT02442999	0
20158	0	NCT02447614	1
20158	0	NCT02506166	0
20158	0	NCT02517346	0
20158	0	NCT02518633	0
20158	0	NCT02562040	1
20158	0	NCT02569749	0
20159	0	NCT00001912	0
20159	0	NCT00005288	0
20159	0	NCT00035971	0
20159	0	NCT00043927	0
20159	0	NCT00045760	0
20159	0	NCT00172263	0
20159	0	NCT00217737	0
20159	0	NCT00220753	0
20159	0	NCT00280514	0
20159	0	NCT00300417	0
20159	0	NCT00374309	0
20159	0	NCT00392847	0
20159	0	NCT00428831	0
20159	0	NCT00539487	0
20159	0	NCT00568711	0
20159	0	NCT00586677	0
20159	0	NCT00592566	0
20159	0	NCT00658060	0
20159	0	NCT00662012	0
20159	0	NCT00689546	0
20159	0	NCT00856232	0
20159	0	NCT00946712	0
20159	0	NCT00992693	0
20159	0	NCT01013662	0
20159	0	NCT01080989	0
20159	0	NCT01090232	0
20159	0	NCT01163123	0
20159	0	NCT01302418	0
20159	0	NCT01313676	0
20159	0	NCT01375621	0
20159	0	NCT01379326	0
20159	0	NCT01506583	0
20159	0	NCT01567969	0
20159	0	NCT01577771	0
20159	0	NCT01618175	0
20159	0	NCT01625689	0
20159	0	NCT01658267	0
20159	0	NCT01661491	0
20159	0	NCT01663402	0
20159	0	NCT01721837	0
20159	0	NCT01766830	1
20159	0	NCT01891084	0
20159	0	NCT01921842	0
20159	0	NCT01959529	0
20159	0	NCT02134652	0
20159	0	NCT02164513	0
20159	0	NCT02258763	0
20159	0	NCT02459171	0
20159	0	NCT02459327	0
20159	0	NCT02498964	0
20159	0	NCT02612896	0
20159	0	NCT02633319	0
